100
4 2 28
5 7 8 8
6 0 5 5 -3 -3 2 -4 8 -5 -7 7 -8 -4 -5 5 0 9 7 2 1 7 6 -3 -4 -7 2 -6
358 242 38 101 58 73
1 1 0 0 2 1 0 0 2 2 2 1 0 1 2 2 2 2 2 1 0 1 2 1 2 2 0 0
0 0 2 0 0 0 0 1 1 2 2 2 2 2 0 1 2 1 0 0 0 2 1 2 0 0 1 0
1 1 1 1 1 0 0 0 0 0 0 0 0 0 0 0 0 0 0 0 0 0 0 0 0 0 0 0
0 0 0 0 0 1 1 1 1 1 1 1 0 0 0 0 0 0 0 0 0 0 0 0 0 0 0 0
0 0 0 0 0 0 0 0 0 0 0 0 1 1 1 1 1 1 1 1 0 0 0 0 0 0 0 0
0 0 0 0 0 0 0 0 0 0 0 0 0 0 0 0 0 0 0 0 1 1 1 1 1 1 1 1

4 2 23
6 4 8 5
-4 8 2 -6 -7 7 -8 -4 -2 -6 1 10 -8 4 -1 -8 1 -1 -2 3 -8 5 4
202 107 60 35 78 50
0 2 2 2 1 0 2 0 2 2 2 0 2 1 1 0 0 2 0 0 1 0 0
0 1 0 0 0 1 0 0 0 2 1 2 0 0 1 2 0 0 1 0 1 1 1
1 1 1 1 1 1 0 0 0 0 0 0 0 0 0 0 0 0 0 0 0 0 0
0 0 0 0 0 0 1 1 1 1 0 0 0 0 0 0 0 0 0 0 0 0 0
0 0 0 0 0 0 0 0 0 0 1 1 1 1 1 1 1 1 0 0 0 0 0
0 0 0 0 0 0 0 0 0 0 0 0 0 0 0 0 0 0 1 1 1 1 1

4 2 15
3 4 3 5
8 1 8 5 7 3 -1 -6 2 -7 -6 3 -3 -5 4
177 107 52 -1 32 44
0 1 2 2 2 0 2 0 1 1 2 1 1 0 1
1 0 0 0 1 0 2 0 0 1 2 1 0 0 1
1 1 1 0 0 0 0 0 0 0 0 0 0 0 0
0 0 0 1 1 1 1 0 0 0 0 0 0 0 0
0 0 0 0 0 0 0 1 1 1 0 0 0 0 0
0 0 0 0 0 0 0 0 0 0 1 1 1 1 1

4 2 24
5 8 3 8
0 8 -4 1 6 -8 -6 -2 9 10 4 -1 6 3 -10 8 -7 1 3 -9 10 -2 -5 3
216 149 27 106 49 70
2 0 0 1 0 1 1 1 2 1 0 2 1 0 1 1 1 2 1 2 1 0 0 1
1 0 0 1 2 0 1 0 2 0 1 1 2 0 0 0 1 0 1 1 0 0 1 0
1 1 1 1 1 0 0 0 0 0 0 0 0 0 0 0 0 0 0 0 0 0 0 0
0 0 0 0 0 1 1 1 1 1 1 1 1 0 0 0 0 0 0 0 0 0 0 0
0 0 0 0 0 0 0 0 0 0 0 0 0 1 1 1 0 0 0 0 0 0 0 0
0 0 0 0 0 0 0 0 0 0 0 0 0 0 0 0 1 1 1 1 1 1 1 1

4 2 21
7 7 4 3
-9 7 10 4 -9 6 8 8 0 9 -9 -2 3 6 2 -6 8 10 1 10 -1
214 158 81 51 -1 32
0 2 2 1 1 1 2 1 0 2 2 1 0 1 2 1 1 0 1 1 0
0 1 2 1 0 1 2 1 0 2 1 0 1 0 0 0 0 0 1 1 2
1 1 1 1 1 1 1 0 0 0 0 0 0 0 0 0 0 0 0 0 0
0 0 0 0 0 0 0 1 1 1 1 1 1 1 0 0 0 0 0 0 0
0 0 0 0 0 0 0 0 0 0 0 0 0 0 1 1 1 1 0 0 0
0 0 0 0 0 0 0 0 0 0 0 0 0 0 0 0 0 0 1 1 1

4 2 20
3 5 8 4
7 -6 4 -5 9 -6 -2 9 5 0 2 -2 3 -10 -4 -9 9 -8 -9 -1
178 133 43 39 57 39
2 1 2 0 1 1 1 1 0 2 0 2 1 0 1 2 0 1 1 0
0 1 1 1 1 2 1 0 0 2 0 1 2 2 0 0 1 0 0 2
1 1 1 0 0 0 0 0 0 0 0 0 0 0 0 0 0 0 0 0
0 0 0 1 1 1 1 1 0 0 0 0 0 0 0 0 0 0 0 0
0 0 0 0 0 0 0 0 1 1 1 1 1 1 1 1 0 0 0 0
0 0 0 0 0 0 0 0 0 0 0 0 0 0 0 0 1 1 1 1

4 2 24
5 8 6 5
0 5 1 9 -2 -2 7 -2 -4 5 1 4 -5 -3 8 10 -1 7 -5 1 4 -5 4 0
270 248 34 59 70 -1
2 0 2 2 2 1 0 2 2 1 1 1 2 0 2 1 0 1 1 0 2 0 2 2
2 0 0 0 0 0 0 1 1 1 1 0 2 1 0 1 2 2 2 2 0 1 2 2
1 1 1 1 1 0 0 0 0 0 0 0 0 0 0 0 0 0 0 0 0 0 0 0
0 0 0 0 0 1 1 1 1 1 1 1 1 0 0 0 0 0 0 0 0 0 0 0
0 0 0 0 0 0 0 0 0 0 0 0 0 1 1 1 1 1 1 0 0 0 0 0
0 0 0 0 0 0 0 0 0 0 0 0 0 0 0 0 0 0 0 1 1 1 1 1

4 2 23
5 7 5 6
-10 -1 -1 -4 2 8 -5 -8 -4 2 -7 -2 2 8 -10 -8 9 0 10 6 -8 4 10
212 234 53 104 44 79
1 1 0 2 0 0 0 2 0 0 1 0 0 2 2 2 0 0 1 1 2 0 2
2 1 1 0 2 0 0 0 2 1 2 0 1 0 0 0 1 2 0 2 1 2 1
1 1 1 1 1 0 0 0 0 0 0 0 0 0 0 0 0 0 0 0 0 0 0
0 0 0 0 0 1 1 1 1 1 1 1 0 0 0 0 0 0 0 0 0 0 0
0 0 0 0 0 0 0 0 0 0 0 0 1 1 1 1 1 0 0 0 0 0 0
0 0 0 0 0 0 0 0 0 0 0 0 0 0 0 0 0 1 1 1 1 1 1

4 2 23
5 4 7 7
5 -1 5 0 -5 -8 5 4 4 6 5 8 -9 -7 -2 -4 -1 9 2 1 -10 -10 9
307 247 49 43 74 -1
1 2 1 0 2 2 2 1 1 2 1 1 1 2 0 2 2 1 1 1 2 0 1
2 1 2 0 2 1 2 0 2 0 1 1 1 1 0 0 0 1 2 2 2 0 2
1 1 1 1 1 0 0 0 0 0 0 0 0 0 0 0 0 0 0 0 0 0 0
0 0 0 0 0 1 1 1 1 0 0 0 0 0 0 0 0 0 0 0 0 0 0
0 0 0 0 0 0 0 0 0 1 1 1 1 1 1 1 0 0 0 0 0 0 0
0 0 0 0 0 0 0 0 0 0 0 0 0 0 0 0 1 1 1 1 1 1 1

4 2 23
4 5 8 6
-7 -8 7 -8 -10 5 5 -8 -10 7 4 -4 4 -10 1 -9 -8 -8 -9 9 5 -7 -8
213 194 -1 67 94 71
1 0 1 0 0 1 0 2 2 0 1 0 0 1 1 0 0 2 0 2 0 0 0
0 2 2 2 0 1 2 1 1 2 0 2 1 1 0 1 0 0 0 1 1 1 1
1 1 1 1 0 0 0 0 0 0 0 0 0 0 0 0 0 0 0 0 0 0 0
0 0 0 0 1 1 1 1 1 0 0 0 0 0 0 0 0 0 0 0 0 0 0
0 0 0 0 0 0 0 0 0 1 1 1 1 1 1 1 1 0 0 0 0 0 0
0 0 0 0 0 0 0 0 0 0 0 0 0 0 0 0 0 1 1 1 1 1 1

4 2 21
6 5 7 3
6 -8 -2 3 8 6 8 -6 -6 4 8 -7 -1 4 2 -1 -5 -4 6 -5 -8
183 178 53 38 69 33
0 2 2 0 0 1 1 1 0 1 2 2 2 0 2 2 1 2 0 2 0
2 1 1 0 0 2 0 1 1 2 0 2 2 0 1 1 1 0 1 0 1
1 1 1 1 1 1 0 0 0 0 0 0 0 0 0 0 0 0 0 0 0
0 0 0 0 0 0 1 1 1 1 1 0 0 0 0 0 0 0 0 0 0
0 0 0 0 0 0 0 0 0 0 0 1 1 1 1 1 1 1 0 0 0
0 0 0 0 0 0 0 0 0 0 0 0 0 0 0 0 0 0 1 1 1

4 2 20
5 6 3 6
8 -5 -3 -9 -10 -9 4 0 9 3 4 2 0 5 -9 8 -2 -3 1 0
250 187 71 60 19 58
0 2 0 0 1 1 1 0 1 1 2 2 1 2 0 2 2 2 2 2
2 0 0 2 0 0 0 2 2 1 0 2 2 2 0 0 2 0 2 1
1 1 1 1 1 0 0 0 0 0 0 0 0 0 0 0 0 0 0 0
0 0 0 0 0 1 1 1 1 1 1 0 0 0 0 0 0 0 0 0
0 0 0 0 0 0 0 0 0 0 0 1 1 1 0 0 0 0 0 0
0 0 0 0 0 0 0 0 0 0 0 0 0 0 1 1 1 1 1 1

4 2 22
3 8 8 3
-10 -5 1 -9 -5 -2 -3 -4 6 7 -10 4 0 0 -3 0 2 6 -10 -3 9 3
230 206 42 51 82 44
0 0 1 0 1 0 0 0 0 1 0 2 0 2 2 1 0 0 1 2 2 2
2 1 1 1 0 2 0 2 2 1 1 1 1 1 1 0 0 0 0 2 0 1
1 1 1 0 0 0 0 0 0 0 0 0 0 0 0 0 0 0 0 0 0 0
0 0 0 1 1 1 1 1 1 1 1 0 0 0 0 0 0 0 0 0 0 0
0 0 0 0 0 0 0 0 0 0 0 1 1 1 1 1 1 1 1 0 0 0
0 0 0 0 0 0 0 0 0 0 0 0 0 0 0 0 0 0 0 1 1 1

4 2 19
4 8 3 4
10 5 6 -8 -7 6 1 6 0 -2 8 -7 5 -4 -7 4 -8 -8 1
183 203 -1 78 39 25
2 1 2 0 2 0 0 0 2 2 0 0 1 1 1 0 1 1 2
1 2 1 1 2 0 2 0 2 1 1 0 1 2 0 2 1 1 0
1 1 1 1 0 0 0 0 0 0 0 0 0 0 0 0 0 0 0
0 0 0 0 1 1 1 1 1 1 1 1 0 0 0 0 0 0 0
0 0 0 0 0 0 0 0 0 0 0 0 1 1 1 0 0 0 0
0 0 0 0 0 0 0 0 0 0 0 0 0 0 0 1 1 1 1

4 2 14
3 3 3 5
7 -3 5 -10 6 10 -3 5 -2 -3 -2 -1 6 1
127 206 29 34 39 47
1 0 1 0 2 1 2 1 1 1 0 1 2 1
1 1 2 1 1 2 1 0 2 2 2 0 1 2
1 1 1 0 0 0 0 0 0 0 0 0 0 0
0 0 0 1 1 1 0 0 0 0 0 0 0 0
0 0 0 0 0 0 1 1 1 0 0 0 0 0
0 0 0 0 0 0 0 0 0 1 1 1 1 1

4 2 24
8 6 5 5
-7 -2 -5 -1 -9 8 5 -9 10 -10 -10 0 0 -1 -4 5 -2 5 -4 -1 6 9 -9 9
200 195 78 79 -1 43
0 0 0 0 0 0 1 1 0 2 0 0 2 2 2 1 2 0 2 2 2 2 1 1
1 1 1 0 1 1 0 0 0 1 0 1 1 2 1 0 2 1 1 0 2 1 0 1
1 1 1 1 1 1 1 1 0 0 0 0 0 0 0 0 0 0 0 0 0 0 0 0
0 0 0 0 0 0 0 0 1 1 1 1 1 1 0 0 0 0 0 0 0 0 0 0
0 0 0 0 0 0 0 0 0 0 0 0 0 0 1 1 1 1 1 0 0 0 0 0
0 0 0 0 0 0 0 0 0 0 0 0 0 0 0 0 0 0 0 1 1 1 1 1

4 2 20
3 5 5 7
5 2 6 -9 -2 -5 3 -9 0 -6 1 -4 -10 10 0 -7 10 6 -3 -2
176 154 43 -1 53 64
1 1 1 1 1 0 0 2 2 1 2 0 0 1 1 2 1 0 2 0
1 0 1 1 2 0 0 0 1 2 2 0 1 1 0 2 0 0 1 0
1 1 1 0 0 0 0 0 0 0 0 0 0 0 0 0 0 0 0 0
0 0 0 1 1 1 1 1 0 0 0 0 0 0 0 0 0 0 0 0
0 0 0 0 0 0 0 0 1 1 1 1 1 0 0 0 0 0 0 0
0 0 0 0 0 0 0 0 0 0 0 0 0 1 1 1 1 1 1 1

4 2 16
4 3 4 5
-3 -8 -8 -9 7 9 -6 7 9 -5 -8 -6 10 -3 -10 4
114 83 30 38 27 38
1 1 2 1 0 0 2 0 2 2 2 0 0 1 0 0
0 0 1 0 0 1 2 0 0 1 2 0 2 0 0 2
1 1 1 1 0 0 0 0 0 0 0 0 0 0 0 0
0 0 0 0 1 1 1 0 0 0 0 0 0 0 0 0
0 0 0 0 0 0 0 1 1 1 1 0 0 0 0 0
0 0 0 0 0 0 0 0 0 0 0 1 1 1 1 1

4 2 25
3 8 7 7
-5 7 8 3 2 8 -2 3 -5 5 -3 0 -8 3 3 0 4 10 4 2 -6 8 2 2 -2
325 269 45 62 88 82
1 1 1 1 1 0 2 2 1 0 0 0 2 0 2 2 2 2 2 2 2 0 2 1 1
2 1 1 2 0 0 0 1 0 0 2 2 0 1 0 2 1 1 2 2 1 1 0 1 0
1 1 1 0 0 0 0 0 0 0 0 0 0 0 0 0 0 0 0 0 0 0 0 0 0
0 0 0 1 1 1 1 1 1 1 1 0 0 0 0 0 0 0 0 0 0 0 0 0 0
0 0 0 0 0 0 0 0 0 0 0 1 1 1 1 1 1 1 0 0 0 0 0 0 0
0 0 0 0 0 0 0 0 0 0 0 0 0 0 0 0 0 0 1 1 1 1 1 1 1

4 2 20
3 7 5 5
-9 7 8 7 -9 -3 -4 6 -3 1 5 8 6 -4 -9 8 -4 -7 -7 1
171 149 19 69 53 25
0 0 0 1 0 2 2 1 2 1 0 1 0 1 0 2 1 1 2 2
1 1 2 0 1 1 0 1 0 0 0 2 2 1 2 0 0 2 0 1
1 1 1 0 0 0 0 0 0 0 0 0 0 0 0 0 0 0 0 0
0 0 0 1 1 1 1 1 1 1 0 0 0 0 0 0 0 0 0 0
0 0 0 0 0 0 0 0 0 0 1 1 1 1 1 0 0 0 0 0
0 0 0 0 0 0 0 0 0 0 0 0 0 0 0 1 1 1 1 1

4 2 26
6 8 7 5
-7 3 1 -3 1 -2 2 -1 0 0 4 -6 6 9 1 2 -8 -6 3 -10 -3 10 3 -6 3 4
193 299 50 92 94 23
1 0 1 0 1 1 1 2 1 1 0 0 0 0 2 2 0 2 0 0 2 1 0 1 2 0
1 0 2 2 1 2 2 0 0 1 2 2 1 2 2 0 1 0 1 1 1 2 1 0 0 0
1 1 1 1 1 1 0 0 0 0 0 0 0 0 0 0 0 0 0 0 0 0 0 0 0 0
0 0 0 0 0 0 1 1 1 1 1 1 1 1 0 0 0 0 0 0 0 0 0 0 0 0
0 0 0 0 0 0 0 0 0 0 0 0 0 0 1 1 1 1 1 1 1 0 0 0 0 0
0 0 0 0 0 0 0 0 0 0 0 0 0 0 0 0 0 0 0 0 0 1 1 1 1 1

4 2 23
8 5 7 3
-5 -8 -9 0 -10 4 4 -1 5 10 9 -6 -2 -10 -7 8 2 -8 2 -3 2 10 -10
327 173 119 48 -1 30
2 1 2 2 1 0 1 2 1 2 2 2 0 0 0 0 1 0 2 1 2 2 0
0 2 0 2 0 0 0 0 1 2 1 0 0 0 2 0 2 0 0 0 1 0 1
1 1 1 1 1 1 1 1 0 0 0 0 0 0 0 0 0 0 0 0 0 0 0
0 0 0 0 0 0 0 0 1 1 1 1 1 0 0 0 0 0 0 0 0 0 0
0 0 0 0 0 0 0 0 0 0 0 0 0 1 1 1 1 1 1 1 0 0 0
0 0 0 0 0 0 0 0 0 0 0 0 0 0 0 0 0 0 0 0 1 1 1

4 2 19
6 7 3 3
-5 -5 -7 -3 8 5 -9 -9 8 -8 3 1 -3 5 3 -10 -7 1 9
215 140 53 62 -1 25
2 0 2 0 0 2 1 0 2 0 2 1 0 2 2 1 1 1 2
0 1 0 0 1 0 2 2 0 0 1 0 1 2 2 0 1 1 0
1 1 1 1 1 1 0 0 0 0 0 0 0 0 0 0 0 0 0
0 0 0 0 0 0 1 1 1 1 1 1 1 0 0 0 0 0 0
0 0 0 0 0 0 0 0 0 0 0 0 0 1 1 1 0 0 0
0 0 0 0 0 0 0 0 0 0 0 0 0 0 0 0 1 1 1

4 2 22
6 4 7 5
6 4 10 -4 -7 -9 -2 1 4 5 5 1 -10 -8 6 4 -10 8 0 0 3 8
193 229 62 -1 57 34
0 2 2 1 2 2 1 0 2 1 1 0 0 2 1 1 1 1 1 0 2 2
1 1 1 0 0 1 2 0 2 0 2 2 2 2 2 0 0 0 2 1 2 0
1 1 1 1 1 1 0 0 0 0 0 0 0 0 0 0 0 0 0 0 0 0
0 0 0 0 0 0 1 1 1 1 0 0 0 0 0 0 0 0 0 0 0 0
0 0 0 0 0 0 0 0 0 0 1 1 1 1 1 1 1 0 0 0 0 0
0 0 0 0 0 0 0 0 0 0 0 0 0 0 0 0 0 1 1 1 1 1

4 2 17
3 6 4 4
-3 -8 3 3 -8 6 -2 5 -6 -5 7 10 3 2 -4 -10 1
140 111 23 52 20 -1
2 2 1 1 2 2 0 0 2 0 0 0 2 1 1 0 2
1 1 0 2 1 2 1 0 1 1 0 0 0 1 1 0 0
1 1 1 0 0 0 0 0 0 0 0 0 0 0 0 0 0
0 0 0 1 1 1 1 1 1 0 0 0 0 0 0 0 0
0 0 0 0 0 0 0 0 0 1 1 1 1 0 0 0 0
0 0 0 0 0 0 0 0 0 0 0 0 0 1 1 1 1

4 2 20
3 7 3 7
9 3 0 -7 -3 5 4 -1 -3 -1 6 8 9 -7 -10 -3 3 7 3 9
145 196 26 89 22 65
1 0 2 0 2 0 2 1 2 0 1 1 0 1 1 1 0 0 2 0
0 1 1 2 0 2 0 0 2 0 2 2 0 0 1 2 0 2 0 1
1 1 1 0 0 0 0 0 0 0 0 0 0 0 0 0 0 0 0 0
0 0 0 1 1 1 1 1 1 1 0 0 0 0 0 0 0 0 0 0
0 0 0 0 0 0 0 0 0 0 1 1 1 0 0 0 0 0 0 0
0 0 0 0 0 0 0 0 0 0 0 0 0 1 1 1 1 1 1 1

4 2 22
7 7 3 5
3 3 2 2 4 8 -3 3 7 0 -1 -10 -4 -5 5 -9 -10 3 4 9 5 2
216 250 64 76 39 -1
2 1 1 0 2 0 0 1 1 1 1 2 1 2 0 0 1 1 0 0 1 2
1 0 1 2 2 2 0 2 1 1 2 2 1 2 0 2 0 1 0 0 2 0
1 1 1 1 1 1 1 0 0 0 0 0 0 0 0 0 0 0 0 0 0 0
0 0 0 0 0 0 0 1 1 1 1 1 1 1 0 0 0 0 0 0 0 0
0 0 0 0 0 0 0 0 0 0 0 0 0 0 1 1 1 0 0 0 0 0
0 0 0 0 0 0 0 0 0 0 0 0 0 0 0 0 0 1 1 1 1 1

4 2 21
3 8 6 4
7 -1 1 10 8 -10 -5 -9 -3 1 -1 4 -8 -4 10 6 3 -4 1 -1 -8
154 269 39 74 62 -1
0 1 0 2 0 1 0 2 0 2 1 0 0 2 1 2 2 1 1 0 1
2 1 2 2 0 0 1 2 1 1 1 1 2 0 1 1 0 2 0 2 0
1 1 1 0 0 0 0 0 0 0 0 0 0 0 0 0 0 0 0 0 0
0 0 0 1 1 1 1 1 1 1 1 0 0 0 0 0 0 0 0 0 0
0 0 0 0 0 0 0 0 0 0 0 1 1 1 1 1 1 0 0 0 0
0 0 0 0 0 0 0 0 0 0 0 0 0 0 0 0 0 1 1 1 1

4 2 21
5 7 5 4
0 -7 10 -6 8 5 4 0 -6 -2 -5 7 8 2 10 -6 2 -2 2 1 8
247 192 57 -1 53 28
0 1 1 1 2 1 1 2 1 1 2 0 2 0 2 1 1 1 1 1 2
2 1 0 2 1 2 0 0 0 1 2 0 2 1 2 1 1 2 2 0 2
1 1 1 1 1 0 0 0 0 0 0 0 0 0 0 0 0 0 0 0 0
0 0 0 0 0 1 1 1 1 1 1 1 0 0 0 0 0 0 0 0 0
0 0 0 0 0 0 0 0 0 0 0 0 1 1 1 1 1 0 0 0 0
0 0 0 0 0 0 0 0 0 0 0 0 0 0 0 0 0 1 1 1 1

4 2 24
6 8 4 6
4 -6 1 -5 10 -10 5 10 -5 7 0 -7 -10 -8 -4 -7 -9 -2 -10 6 -2 0 -5 5
258 220 -1 113 49 30
1 1 0 1 2 0 1 2 2 0 0 2 2 1 1 1 2 1 1 1 2 1 1 0
1 1 0 0 1 0 0 1 0 2 0 1 2 1 1 2 0 2 0 1 1 1 2 0
1 1 1 1 1 1 0 0 0 0 0 0 0 0 0 0 0 0 0 0 0 0 0 0
0 0 0 0 0 0 1 1 1 1 1 1 1 1 0 0 0 0 0 0 0 0 0 0
0 0 0 0 0 0 0 0 0 0 0 0 0 0 1 1 1 1 0 0 0 0 0 0
0 0 0 0 0 0 0 0 0 0 0 0 0 0 0 0 0 0 1 1 1 1 1 1

4 2 22
8 6 4 4
-10 -1 -9 -4 -6 -4 3 -3 6 -2 -1 -7 -1 -4 -7 9 -6 -2 9 7 4 10
194 224 70 63 63 41
1 2 1 1 1 1 0 2 0 0 2 2 0 1 0 1 1 0 2 1 2 1
0 0 0 0 2 2 0 1 1 0 2 0 2 1 2 2 2 1 0 1 0 0
1 1 1 1 1 1 1 1 0 0 0 0 0 0 0 0 0 0 0 0 0 0
0 0 0 0 0 0 0 0 1 1 1 1 1 1 0 0 0 0 0 0 0 0
0 0 0 0 0 0 0 0 0 0 0 0 0 0 1 1 1 1 0 0 0 0
0 0 0 0 0 0 0 0 0 0 0 0 0 0 0 0 0 0 1 1 1 1

4 2 27
6 5 8 8
10 -1 -10 0 -2 8 -1 0 -9 -2 -7 -4 10 0 1 -5 2 -2 -1 5 3 -2 2 2 -8 -9 -1
262 187 36 -1 117 87
2 0 1 2 2 0 2 0 0 0 0 1 0 2 1 2 0 1 1 0 1 1 2 2 0 2 2
0 2 1 2 2 0 0 2 1 1 0 0 1 0 1 1 0 0 0 1 0 0 2 1 0 2 2
1 1 1 1 1 1 0 0 0 0 0 0 0 0 0 0 0 0 0 0 0 0 0 0 0 0 0
0 0 0 0 0 0 1 1 1 1 1 0 0 0 0 0 0 0 0 0 0 0 0 0 0 0 0
0 0 0 0 0 0 0 0 0 0 0 1 1 1 1 1 1 1 1 0 0 0 0 0 0 0 0
0 0 0 0 0 0 0 0 0 0 0 0 0 0 0 0 0 0 0 1 1 1 1 1 1 1 1

4 2 21
5 4 4 8
7 4 -1 3 -7 -10 6 6 -4 6 1 -3 -10 -6 -4 4 9 1 5 3 -5
229 307 39 38 35 103
1 1 0 0 0 2 2 2 2 2 0 1 0 1 0 1 1 0 2 0 2
1 2 2 2 0 0 2 2 0 1 0 1 0 2 2 2 1 2 1 1 2
1 1 1 1 1 0 0 0 0 0 0 0 0 0 0 0 0 0 0 0 0
0 0 0 0 0 1 1 1 1 0 0 0 0 0 0 0 0 0 0 0 0
0 0 0 0 0 0 0 0 0 1 1 1 1 0 0 0 0 0 0 0 0
0 0 0 0 0 0 0 0 0 0 0 0 0 1 1 1 1 1 1 1 1

4 2 19
5 3 7 4
-6 7 8 5 -9 -8 -6 3 -6 -2 -3 8 2 -3 9 8 5 9 10
366 265 38 43 89 57
2 2 0 0 2 2 1 2 2 2 2 2 2 1 2 2 1 2 1
1 2 0 1 2 2 0 1 0 0 0 0 0 2 2 2 1 1 2
1 1 1 1 1 0 0 0 0 0 0 0 0 0 0 0 0 0 0
0 0 0 0 0 1 1 1 0 0 0 0 0 0 0 0 0 0 0
0 0 0 0 0 0 0 0 1 1 1 1 1 1 1 0 0 0 0
0 0 0 0 0 0 0 0 0 0 0 0 0 0 0 1 1 1 1

4 2 26
7 7 4 8
-1 -5 0 -5 8 8 6 4 10 9 5 -5 -6 5 6 7 10 -6 8 -2 7 7 -8 7 1 -3
255 357 -1 98 59 97
0 1 0 1 1 2 1 1 1 0 0 1 1 0 1 2 0 0 0 1 0 1 2 1 1 1
1 0 2 2 1 2 2 1 0 1 0 1 2 2 0 1 1 0 2 0 1 2 0 1 2 1
1 1 1 1 1 1 1 0 0 0 0 0 0 0 0 0 0 0 0 0 0 0 0 0 0 0
0 0 0 0 0 0 0 1 1 1 1 1 1 1 0 0 0 0 0 0 0 0 0 0 0 0
0 0 0 0 0 0 0 0 0 0 0 0 0 0 1 1 1 1 0 0 0 0 0 0 0 0
0 0 0 0 0 0 0 0 0 0 0 0 0 0 0 0 0 0 1 1 1 1 1 1 1 1

4 2 21
8 5 4 4
-4 -5 -4 -5 10 -8 7 10 -10 -3 5 -7 2 -6 7 2 -7 -6 -8 -4 1
192 196 101 29 33 54
0 1 2 2 2 2 1 0 1 0 1 2 1 0 2 0 0 1 1 2 0
0 0 0 0 2 2 1 0 1 1 0 2 0 2 0 2 1 1 2 2 1
1 1 1 1 1 1 1 1 0 0 0 0 0 0 0 0 0 0 0 0 0
0 0 0 0 0 0 0 0 1 1 1 1 1 0 0 0 0 0 0 0 0
0 0 0 0 0 0 0 0 0 0 0 0 0 1 1 1 1 0 0 0 0
0 0 0 0 0 0 0 0 0 0 0 0 0 0 0 0 0 1 1 1 1

4 2 16
5 5 3 3
3 -5 -1 -7 8 -9 -9 4 -8 4 5 5 -9 2 0 -3
122 139 48 -1 4 27
2 2 1 0 0 2 0 0 1 0 0 2 1 2 2 0
2 2 1 0 1 2 0 2 2 0 0 0 0 2 1 1
1 1 1 1 1 0 0 0 0 0 0 0 0 0 0 0
0 0 0 0 0 1 1 1 1 1 0 0 0 0 0 0
0 0 0 0 0 0 0 0 0 0 1 1 1 0 0 0
0 0 0 0 0 0 0 0 0 0 0 0 0 1 1 1

4 2 24
4 7 7 6
7 -3 6 -6 -2 -6 7 -6 4 -8 9 9 -5 3 4 6 -9 6 -7 8 -3 -2 -4 2
343 230 45 96 94 48
0 2 0 0 1 0 1 1 2 1 1 1 1 2 1 2 1 2 1 1 0 0 2 2
1 1 1 0 2 2 0 1 0 1 1 0 1 0 1 1 1 1 0 0 1 0 0 2
1 1 1 1 0 0 0 0 0 0 0 0 0 0 0 0 0 0 0 0 0 0 0 0
0 0 0 0 1 1 1 1 1 1 1 0 0 0 0 0 0 0 0 0 0 0 0 0
0 0 0 0 0 0 0 0 0 0 0 1 1 1 1 1 1 1 0 0 0 0 0 0
0 0 0 0 0 0 0 0 0 0 0 0 0 0 0 0 0 0 1 1 1 1 1 1

4 2 25
8 7 6 4
-8 9 -10 8 -4 -4 -2 10 -2 -7 8 6 9 5 10 -5 -10 -6 6 -5 8 9 -3 -2 -4
332 257 93 -1 79 49
0 2 2 2 2 0 2 0 0 2 1 0 0 2 0 2 1 2 1 2 1 2 1 1 1
0 2 0 1 2 0 0 0 2 1 0 0 1 0 0 0 2 1 1 2 1 1 2 2 0
1 1 1 1 1 1 1 1 0 0 0 0 0 0 0 0 0 0 0 0 0 0 0 0 0
0 0 0 0 0 0 0 0 1 1 1 1 1 1 1 0 0 0 0 0 0 0 0 0 0
0 0 0 0 0 0 0 0 0 0 0 0 0 0 0 1 1 1 1 1 1 0 0 0 0
0 0 0 0 0 0 0 0 0 0 0 0 0 0 0 0 0 0 0 0 0 1 1 1 1

4 2 17
7 4 3 3
9 -7 -1 7 8 3 -3 9 -8 -7 3 9 0 2 1 4 -4
177 174 65 53 15 30
0 0 0 2 1 1 1 1 2 2 2 0 2 2 0 2 0
2 1 0 0 0 0 0 0 2 0 2 1 1 1 1 1 2
1 1 1 1 1 1 1 0 0 0 0 0 0 0 0 0 0
0 0 0 0 0 0 0 1 1 1 1 0 0 0 0 0 0
0 0 0 0 0 0 0 0 0 0 0 1 1 1 0 0 0
0 0 0 0 0 0 0 0 0 0 0 0 0 0 1 1 1

4 2 21
7 7 4 3
-6 1 -4 -9 2 -5 7 9 10 -1 7 2 8 -3 6 -10 0 6 4 5 -10
234 275 73 76 51 22
1 1 0 1 2 0 0 2 0 2 0 1 2 2 0 2 1 1 2 2 0
0 0 2 1 1 2 1 2 2 0 2 1 0 0 2 1 2 2 0 1 2
1 1 1 1 1 1 1 0 0 0 0 0 0 0 0 0 0 0 0 0 0
0 0 0 0 0 0 0 1 1 1 1 1 1 1 0 0 0 0 0 0 0
0 0 0 0 0 0 0 0 0 0 0 0 0 0 1 1 1 1 0 0 0
0 0 0 0 0 0 0 0 0 0 0 0 0 0 0 0 0 0 1 1 1

4 2 26
8 5 7 6
-9 -4 6 5 0 7 3 1 -3 -7 -6 1 6 4 7 -7 8 -10 -6 5 7 3 9 -9 3 4
234 203 45 45 76 44
0 2 1 1 2 1 2 2 2 0 2 2 1 1 1 1 1 0 1 1 2 0 2 1 1 0
0 2 1 1 2 0 0 0 0 1 0 0 2 1 1 1 0 0 1 2 1 1 2 2 0 0
1 1 1 1 1 1 1 1 0 0 0 0 0 0 0 0 0 0 0 0 0 0 0 0 0 0
0 0 0 0 0 0 0 0 1 1 1 1 1 0 0 0 0 0 0 0 0 0 0 0 0 0
0 0 0 0 0 0 0 0 0 0 0 0 0 1 1 1 1 1 1 1 0 0 0 0 0 0
0 0 0 0 0 0 0 0 0 0 0 0 0 0 0 0 0 0 0 0 1 1 1 1 1 1

4 2 25
5 7 5 8
-8 -10 0 -9 -9 -8 3 -3 -2 3 5 8 -4 1 -4 1 9 -4 0 8 -9 -10 9 -1 7
290 212 46 72 67 74
1 1 2 0 0 2 0 1 2 2 0 2 1 0 1 1 2 2 0 1 2 1 1 2 1
1 2 2 0 1 1 1 0 2 0 1 0 2 1 2 0 0 2 0 0 2 2 2 0 1
1 1 1 1 1 0 0 0 0 0 0 0 0 0 0 0 0 0 0 0 0 0 0 0 0
0 0 0 0 0 1 1 1 1 1 1 1 0 0 0 0 0 0 0 0 0 0 0 0 0
0 0 0 0 0 0 0 0 0 0 0 0 1 1 1 1 1 0 0 0 0 0 0 0 0
0 0 0 0 0 0 0 0 0 0 0 0 0 0 0 0 0 1 1 1 1 1 1 1 1

4 2 19
3 5 5 6
2 6 3 -4 1 9 -10 -2 1 3 -2 9 -1 -8 9 -3 6 1 -6
274 245 23 56 70 75
2 0 0 1 0 0 2 2 0 2 1 2 2 2 1 2 0 2 1
0 1 2 1 2 2 1 2 1 0 2 0 0 0 0 2 2 1 1
1 1 1 0 0 0 0 0 0 0 0 0 0 0 0 0 0 0 0
0 0 0 1 1 1 1 1 0 0 0 0 0 0 0 0 0 0 0
0 0 0 0 0 0 0 0 1 1 1 1 1 0 0 0 0 0 0
0 0 0 0 0 0 0 0 0 0 0 0 0 1 1 1 1 1 1

4 2 24
6 8 7 3
8 -6 -2 -3 -9 -9 3 10 6 -8 3 2 4 -7 8 0 4 -10 -2 3 7 3 -5 -7
253 256 68 -1 83 31
2 2 2 1 1 0 0 1 2 1 2 0 1 0 1 1 1 0 1 1 2 1 2 1
2 0 0 1 0 2 0 2 0 0 2 2 1 2 1 0 1 1 1 2 2 1 0 0
1 1 1 1 1 1 0 0 0 0 0 0 0 0 0 0 0 0 0 0 0 0 0 0
0 0 0 0 0 0 1 1 1 1 1 1 1 1 0 0 0 0 0 0 0 0 0 0
0 0 0 0 0 0 0 0 0 0 0 0 0 0 1 1 1 1 1 1 1 0 0 0
0 0 0 0 0 0 0 0 0 0 0 0 0 0 0 0 0 0 0 0 0 1 1 1

4 2 23
6 4 8 5
0 3 -9 -5 -8 5 -8 -7 6 -10 1 -7 10 -6 8 -7 8 6 8 -8 -6 1 -2
206 252 62 24 89 32
1 0 1 2 2 1 2 1 2 2 0 2 0 2 1 2 1 0 0 0 1 0 1
2 0 1 1 2 1 1 0 1 1 2 0 1 1 2 1 1 2 1 2 1 1 1
1 1 1 1 1 1 0 0 0 0 0 0 0 0 0 0 0 0 0 0 0 0 0
0 0 0 0 0 0 1 1 1 1 0 0 0 0 0 0 0 0 0 0 0 0 0
0 0 0 0 0 0 0 0 0 0 1 1 1 1 1 1 1 1 0 0 0 0 0
0 0 0 0 0 0 0 0 0 0 0 0 0 0 0 0 0 0 1 1 1 1 1

4 2 23
8 7 5 3
-3 0 9 -7 -3 -7 1 -8 0 -5 2 6 -3 -10 -1 3 -7 -8 -7 -8 4 9 0
142 249 76 60 -1 18
0 0 1 2 0 2 0 1 1 2 0 1 1 0 1 0 0 0 1 1 0 0 2
2 2 1 2 0 2 2 2 1 1 0 2 1 2 2 2 2 0 0 0 2 1 0
1 1 1 1 1 1 1 1 0 0 0 0 0 0 0 0 0 0 0 0 0 0 0
0 0 0 0 0 0 0 0 1 1 1 1 1 1 1 0 0 0 0 0 0 0 0
0 0 0 0 0 0 0 0 0 0 0 0 0 0 0 1 1 1 1 1 0 0 0
0 0 0 0 0 0 0 0 0 0 0 0 0 0 0 0 0 0 0 0 1 1 1

4 2 25
4 7 7 7
10 -10 -10 0 6 -10 8 -8 4 -8 -4 7 -2 -6 -6 -7 -2 -5 2 10 -1 -5 0 6 4
252 204 63 92 38 -1
1 0 1 2 2 0 0 2 2 0 0 2 1 0 2 2 0 2 1 1 2 1 1 0 0
2 0 0 2 0 2 0 0 2 0 1 1 1 2 0 2 2 2 0 1 1 0 0 2 0
1 1 1 1 0 0 0 0 0 0 0 0 0 0 0 0 0 0 0 0 0 0 0 0 0
0 0 0 0 1 1 1 1 1 1 1 0 0 0 0 0 0 0 0 0 0 0 0 0 0
0 0 0 0 0 0 0 0 0 0 0 1 1 1 1 1 1 1 0 0 0 0 0 0 0
0 0 0 0 0 0 0 0 0 0 0 0 0 0 0 0 0 0 1 1 1 1 1 1 1

4 2 19
6 3 3 7
-7 5 -3 -8 8 -2 -10 -3 -3 8 1 -6 0 4 9 8 4 5 8
104 257 80 45 48 -1
0 0 1 0 1 0 1 0 0 2 1 0 0 2 0 0 0 2 0
0 1 1 2 2 2 1 0 1 2 2 2 0 0 2 2 0 1 0
1 1 1 1 1 1 0 0 0 0 0 0 0 0 0 0 0 0 0
0 0 0 0 0 0 1 1 1 0 0 0 0 0 0 0 0 0 0
0 0 0 0 0 0 0 0 0 1 1 1 0 0 0 0 0 0 0
0 0 0 0 0 0 0 0 0 0 0 0 1 1 1 1 1 1 1

4 2 18
6 4 3 5
-8 -9 9 8 2 -7 1 -6 -10 -8 -1 5 7 -3 5 6 9 -7
192 145 41 -1 42 11
0 2 0 2 2 1 2 1 1 2 2 2 1 2 2 0 0 1
1 0 1 0 0 1 0 2 1 2 2 1 0 0 1 1 0 0
1 1 1 1 1 1 0 0 0 0 0 0 0 0 0 0 0 0
0 0 0 0 0 0 1 1 1 1 0 0 0 0 0 0 0 0
0 0 0 0 0 0 0 0 0 0 1 1 1 0 0 0 0 0
0 0 0 0 0 0 0 0 0 0 0 0 0 1 1 1 1 1

4 2 15
3 4 3 5
0 -10 -1 3 -5 8 -6 6 2 -6 7 -1 2 6 -5
132 113 34 39 35 37
0 2 0 0 2 2 0 0 2 1 0 2 1 1 2
2 0 0 0 1 1 1 1 2 1 2 0 1 1 0
1 1 1 0 0 0 0 0 0 0 0 0 0 0 0
0 0 0 1 1 1 1 0 0 0 0 0 0 0 0
0 0 0 0 0 0 0 1 1 1 0 0 0 0 0
0 0 0 0 0 0 0 0 0 0 1 1 1 1 1

4 2 21
5 6 4 6
-4 9 4 1 -9 2 -5 9 -3 4 -2 4 4 -7 1 9 -5 5 10 -7 5
199 195 34 69 46 51
0 0 1 2 2 2 2 1 1 0 0 1 1 2 1 2 0 0 2 0 2
2 1 1 1 0 2 1 0 1 2 0 1 1 0 2 2 0 0 0 0 2
1 1 1 1 1 0 0 0 0 0 0 0 0 0 0 0 0 0 0 0 0
0 0 0 0 0 1 1 1 1 1 1 0 0 0 0 0 0 0 0 0 0
0 0 0 0 0 0 0 0 0 0 0 1 1 1 1 0 0 0 0 0 0
0 0 0 0 0 0 0 0 0 0 0 0 0 0 0 1 1 1 1 1 1

4 2 25
8 3 8 6
-5 10 10 2 -4 7 6 7 -4 -9 6 8 9 8 -1 8 10 8 0 10 9 7 7 -2 -4
230 191 81 38 71 69
0 1 2 1 0 0 2 1 0 0 2 2 2 0 1 0 0 0 1 0 2 2 1 1 1
0 1 0 1 0 1 1 1 0 1 0 0 1 2 2 1 1 0 1 0 0 0 0 2 2
1 1 1 1 1 1 1 1 0 0 0 0 0 0 0 0 0 0 0 0 0 0 0 0 0
0 0 0 0 0 0 0 0 1 1 1 0 0 0 0 0 0 0 0 0 0 0 0 0 0
0 0 0 0 0 0 0 0 0 0 0 1 1 1 1 1 1 1 1 0 0 0 0 0 0
0 0 0 0 0 0 0 0 0 0 0 0 0 0 0 0 0 0 0 1 1 1 1 1 1

4 2 20
8 3 6 3
-9 1 -3 -1 10 4 -10 8 5 -1 -1 -4 -10 4 9 -9 -6 -3 6 4
205 167 104 27 55 31
2 2 2 0 0 0 0 2 0 1 2 0 2 1 2 1 0 1 1 1
1 2 2 1 0 1 2 0 0 0 0 0 1 0 0 0 1 0 1 1
1 1 1 1 1 1 1 1 0 0 0 0 0 0 0 0 0 0 0 0
0 0 0 0 0 0 0 0 1 1 1 0 0 0 0 0 0 0 0 0
0 0 0 0 0 0 0 0 0 0 0 1 1 1 1 1 1 0 0 0
0 0 0 0 0 0 0 0 0 0 0 0 0 0 0 0 0 1 1 1

4 2 21
4 5 8 4
9 -5 -6 -4 2 9 8 -4 -6 -8 0 -8 -3 -4 -9 -8 -9 0 -7 -7 7
120 157 -1 27 65 39
2 1 0 2 0 0 0 2 1 0 2 1 0 2 0 2 0 1 2 0 2
1 2 0 0 1 2 0 1 2 2 0 1 1 2 1 0 1 1 0 2 2
1 1 1 1 0 0 0 0 0 0 0 0 0 0 0 0 0 0 0 0 0
0 0 0 0 1 1 1 1 1 0 0 0 0 0 0 0 0 0 0 0 0
0 0 0 0 0 0 0 0 0 1 1 1 1 1 1 1 1 0 0 0 0
0 0 0 0 0 0 0 0 0 0 0 0 0 0 0 0 0 1 1 1 1

4 2 17
3 8 3 3
5 10 -3 -4 10 -9 1 -4 9 -2 -4 1 3 1 10 1 10
240 202 29 64 34 20
0 2 2 0 0 0 2 2 2 2 2 2 2 2 2 1 1
0 2 1 1 2 2 2 1 2 2 2 1 1 0 0 2 1
1 1 1 0 0 0 0 0 0 0 0 0 0 0 0 0 0
0 0 0 1 1 1 1 1 1 1 1 0 0 0 0 0 0
0 0 0 0 0 0 0 0 0 0 0 1 1 1 0 0 0
0 0 0 0 0 0 0 0 0 0 0 0 0 0 1 1 1

4 2 20
3 8 5 4
-9 2 -7 2 4 -1 -8 -1 4 5 0 10 10 9 -8 -9 -4 -3 6 -2
192 171 28 76 41 46
2 0 1 2 0 2 2 0 0 2 1 2 1 1 1 1 0 2 2 0
0 0 1 1 2 2 1 1 0 2 1 0 1 2 0 0 0 2 0 2
1 1 1 0 0 0 0 0 0 0 0 0 0 0 0 0 0 0 0 0
0 0 0 1 1 1 1 1 1 1 1 0 0 0 0 0 0 0 0 0
0 0 0 0 0 0 0 0 0 0 0 1 1 1 1 1 0 0 0 0
0 0 0 0 0 0 0 0 0 0 0 0 0 0 0 0 1 1 1 1

4 2 20
8 6 3 3
-9 -1 -7 -7 10 5 9 -2 -3 -2 -7 9 -2 3 10 6 -9 4 -6 7
155 150 74 26 35 22
2 0 2 0 2 2 0 2 2 0 0 0 1 0 0 0 1 0 1 2
1 1 1 1 1 0 1 2 0 1 2 1 2 0 1 0 1 1 2 2
1 1 1 1 1 1 1 1 0 0 0 0 0 0 0 0 0 0 0 0
0 0 0 0 0 0 0 0 1 1 1 1 1 1 0 0 0 0 0 0
0 0 0 0 0 0 0 0 0 0 0 0 0 0 1 1 1 0 0 0
0 0 0 0 0 0 0 0 0 0 0 0 0 0 0 0 0 1 1 1

4 2 24
5 4 8 7
9 -10 -4 10 6 3 -4 -10 1 -1 9 0 -4 -3 2 8 -7 -2 -4 -5 -9 -5 -7 -10
171 184 40 16 65 101
0 1 0 0 1 1 0 2 0 1 0 1 0 1 2 1 0 0 2 2 2 0 1 1
0 1 0 1 0 1 1 1 0 1 1 0 0 1 1 0 0 2 0 1 2 1 0 2
1 1 1 1 1 0 0 0 0 0 0 0 0 0 0 0 0 0 0 0 0 0 0 0
0 0 0 0 0 1 1 1 1 0 0 0 0 0 0 0 0 0 0 0 0 0 0 0
0 0 0 0 0 0 0 0 0 1 1 1 1 1 1 1 1 0 0 0 0 0 0 0
0 0 0 0 0 0 0 0 0 0 0 0 0 0 0 0 0 1 1 1 1 1 1 1

4 2 24
4 6 6 8
2 -9 -6 10 0 -8 4 2 8 2 -6 9 -1 -4 9 1 -3 6 10 2 8 -3 -2 10
320 245 57 32 63 74
2 2 2 1 2 2 1 0 2 2 2 1 0 1 0 2 1 2 1 0 2 2 2 0
2 0 1 0 1 1 2 1 1 2 2 0 1 0 2 2 2 0 1 1 2 0 2 1
1 1 1 1 0 0 0 0 0 0 0 0 0 0 0 0 0 0 0 0 0 0 0 0
0 0 0 0 1 1 1 1 1 1 0 0 0 0 0 0 0 0 0 0 0 0 0 0
0 0 0 0 0 0 0 0 0 0 1 1 1 1 1 1 0 0 0 0 0 0 0 0
0 0 0 0 0 0 0 0 0 0 0 0 0 0 0 0 1 1 1 1 1 1 1 1

4 2 23
7 5 8 3
-5 -10 -1 5 -9 8 7 3 -8 -9 -10 7 4 -8 -2 -6 -10 1 4 5 -8 -4 -2
125 116 60 27 51 38
0 0 2 0 1 2 2 0 1 2 1 2 1 0 2 0 1 0 0 1 0 0 1
0 0 0 1 2 1 0 0 1 1 0 1 1 1 0 0 0 1 1 0 2 2 0
1 1 1 1 1 1 1 0 0 0 0 0 0 0 0 0 0 0 0 0 0 0 0
0 0 0 0 0 0 0 1 1 1 1 1 0 0 0 0 0 0 0 0 0 0 0
0 0 0 0 0 0 0 0 0 0 0 0 1 1 1 1 1 1 1 1 0 0 0
0 0 0 0 0 0 0 0 0 0 0 0 0 0 0 0 0 0 0 0 1 1 1

4 2 24
8 5 5 6
-4 3 5 7 -5 7 -2 -6 -3 0 9 -6 5 -7 -2 1 -7 -2 -5 -7 -3 -6 3 -10
311 295 83 61 62 60
1 2 0 0 1 2 2 0 2 2 0 1 0 0 2 0 2 0 0 2 2 2 2 1
2 2 2 2 1 1 0 0 1 2 2 1 1 0 1 2 0 0 1 2 2 2 0 2
1 1 1 1 1 1 1 1 0 0 0 0 0 0 0 0 0 0 0 0 0 0 0 0
0 0 0 0 0 0 0 0 1 1 1 1 1 0 0 0 0 0 0 0 0 0 0 0
0 0 0 0 0 0 0 0 0 0 0 0 0 1 1 1 1 1 0 0 0 0 0 0
0 0 0 0 0 0 0 0 0 0 0 0 0 0 0 0 0 0 1 1 1 1 1 1

4 2 19
8 4 4 3
-2 -10 6 1 0 6 0 -1 -7 8 6 3 10 -7 7 7 4 -9 -2
186 115 82 47 -1 48
1 1 2 1 1 1 0 0 0 2 1 2 0 0 0 2 1 1 0
1 0 2 0 1 0 1 2 0 2 1 0 1 0 0 0 1 0 0
1 1 1 1 1 1 1 1 0 0 0 0 0 0 0 0 0 0 0
0 0 0 0 0 0 0 0 1 1 1 1 0 0 0 0 0 0 0
0 0 0 0 0 0 0 0 0 0 0 0 1 1 1 1 0 0 0
0 0 0 0 0 0 0 0 0 0 0 0 0 0 0 0 1 1 1

4 2 15
3 6 3 3
-7 6 -1 9 6 8 4 4 2 -9 2 -3 8 -4 -2
230 95 34 -1 15 10
2 2 1 2 2 2 2 0 1 2 0 0 1 2 2
0 1 0 1 0 1 0 0 1 1 0 1 2 0 1
1 1 1 0 0 0 0 0 0 0 0 0 0 0 0
0 0 0 1 1 1 1 1 1 0 0 0 0 0 0
0 0 0 0 0 0 0 0 0 1 1 1 0 0 0
0 0 0 0 0 0 0 0 0 0 0 0 1 1 1

4 2 20
4 5 8 3
4 -8 -10 4 -3 3 -8 1 -5 -4 0 4 1 3 -5 9 10 10 0 -8
354 230 43 49 110 28
0 0 2 1 2 0 0 1 1 2 2 2 2 2 2 2 2 2 2 1
2 0 0 0 0 2 2 0 1 0 0 2 1 1 2 2 1 2 2 1
1 1 1 1 0 0 0 0 0 0 0 0 0 0 0 0 0 0 0 0
0 0 0 0 1 1 1 1 1 0 0 0 0 0 0 0 0 0 0 0
0 0 0 0 0 0 0 0 0 1 1 1 1 1 1 1 1 0 0 0
0 0 0 0 0 0 0 0 0 0 0 0 0 0 0 0 0 1 1 1

4 2 26
6 7 6 7
-1 5 9 1 4 5 10 -4 9 -1 0 9 1 6 -2 -9 4 1 -7 -2 2 -2 -5 2 2 6
346 236 73 94 68 64
0 1 0 2 0 0 2 1 2 2 0 2 1 2 2 2 2 1 0 1 2 0 1 2 2 1
0 1 2 1 1 1 0 1 2 2 1 0 1 0 2 0 2 0 1 0 2 2 0 0 2 1
1 1 1 1 1 1 0 0 0 0 0 0 0 0 0 0 0 0 0 0 0 0 0 0 0 0
0 0 0 0 0 0 1 1 1 1 1 1 1 0 0 0 0 0 0 0 0 0 0 0 0 0
0 0 0 0 0 0 0 0 0 0 0 0 0 1 1 1 1 1 1 0 0 0 0 0 0 0
0 0 0 0 0 0 0 0 0 0 0 0 0 0 0 0 0 0 0 1 1 1 1 1 1 1

4 2 22
6 8 3 5
2 -3 -3 -1 1 4 -8 -5 -3 -3 6 -10 -8 -2 -3 -7 9 2 9 0 2 6
235 252 75 -1 42 57
1 2 2 1 0 1 2 1 1 0 0 2 2 0 2 0 1 2 2 1 2 0
1 0 2 1 2 0 1 1 2 0 0 2 1 1 0 1 1 1 2 0 2 1
1 1 1 1 1 1 0 0 0 0 0 0 0 0 0 0 0 0 0 0 0 0
0 0 0 0 0 0 1 1 1 1 1 1 1 1 0 0 0 0 0 0 0 0
0 0 0 0 0 0 0 0 0 0 0 0 0 0 1 1 1 0 0 0 0 0
0 0 0 0 0 0 0 0 0 0 0 0 0 0 0 0 0 1 1 1 1 1

4 2 22
6 7 3 6
-7 5 5 2 -4 10 -3 7 4 -9 5 -9 -6 7 -7 5 3 2 0 -1 1 -8
232 187 58 -1 37 43
1 0 0 0 0 0 2 2 1 0 1 1 0 2 2 2 0 1 1 0 2 0
2 1 0 1 0 0 0 0 2 1 1 2 2 2 0 1 0 2 0 1 1 0
1 1 1 1 1 1 0 0 0 0 0 0 0 0 0 0 0 0 0 0 0 0
0 0 0 0 0 0 1 1 1 1 1 1 1 0 0 0 0 0 0 0 0 0
0 0 0 0 0 0 0 0 0 0 0 0 0 1 1 1 0 0 0 0 0 0
0 0 0 0 0 0 0 0 0 0 0 0 0 0 0 0 1 1 1 1 1 1

4 2 22
5 4 7 6
-3 -2 -9 -10 -5 -7 4 -5 10 5 3 -9 6 10 3 1 -3 2 -6 -3 -9 -2
221 209 31 41 103 49
1 2 0 1 1 0 1 2 2 0 1 2 0 2 0 2 0 2 0 1 1 1
0 1 1 0 0 1 1 0 0 2 0 0 2 1 1 1 0 2 0 2 1 2
1 1 1 1 1 0 0 0 0 0 0 0 0 0 0 0 0 0 0 0 0 0
0 0 0 0 0 1 1 1 1 0 0 0 0 0 0 0 0 0 0 0 0 0
0 0 0 0 0 0 0 0 0 1 1 1 1 1 1 1 0 0 0 0 0 0
0 0 0 0 0 0 0 0 0 0 0 0 0 0 0 0 1 1 1 1 1 1

4 2 25
7 4 8 6
-6 4 -4 7 6 10 4 1 -2 -1 -6 10 3 -1 5 -1 -1 5 -1 -6 5 -8 -10 7 -5
214 203 67 24 -1 60
2 2 0 0 0 2 2 1 0 1 2 2 0 0 1 2 0 2 2 0 0 1 2 0 2
2 0 0 1 1 1 1 1 0 2 1 0 1 0 1 1 2 2 0 1 0 0 2 0 0
1 1 1 1 1 1 1 0 0 0 0 0 0 0 0 0 0 0 0 0 0 0 0 0 0
0 0 0 0 0 0 0 1 1 1 1 0 0 0 0 0 0 0 0 0 0 0 0 0 0
0 0 0 0 0 0 0 0 0 0 0 1 1 1 1 1 1 1 1 0 0 0 0 0 0
0 0 0 0 0 0 0 0 0 0 0 0 0 0 0 0 0 0 0 1 1 1 1 1 1

4 2 27
6 7 6 8
0 -10 10 2 -6 5 8 10 -3 3 3 5 -7 4 -9 -5 2 6 9 4 -10 2 6 -2 -2 -9 -6
236 96 48 67 -1 85
0 0 0 0 2 2 2 2 1 0 0 0 0 2 2 2 0 1 1 2 0 1 0 0 2 0 1
0 0 0 0 0 0 1 1 0 1 0 0 1 0 0 0 2 2 1 1 0 0 0 2 0 0 2
1 1 1 1 1 1 0 0 0 0 0 0 0 0 0 0 0 0 0 0 0 0 0 0 0 0 0
0 0 0 0 0 0 1 1 1 1 1 1 1 0 0 0 0 0 0 0 0 0 0 0 0 0 0
0 0 0 0 0 0 0 0 0 0 0 0 0 1 1 1 1 1 1 0 0 0 0 0 0 0 0
0 0 0 0 0 0 0 0 0 0 0 0 0 0 0 0 0 0 0 1 1 1 1 1 1 1 1

4 2 18
7 3 3 5
8 -2 0 5 1 2 8 -8 -3 1 -4 8 -6 10 4 -1 2 2
163 204 41 35 -1 56
0 0 2 0 0 1 0 2 2 0 2 1 2 2 0 1 1 1
1 0 0 2 2 2 0 1 1 1 0 2 2 2 1 2 2 0
1 1 1 1 1 1 1 0 0 0 0 0 0 0 0 0 0 0
0 0 0 0 0 0 0 1 1 1 0 0 0 0 0 0 0 0
0 0 0 0 0 0 0 0 0 0 1 1 1 0 0 0 0 0
0 0 0 0 0 0 0 0 0 0 0 0 0 1 1 1 1 1

4 2 21
6 4 8 3
-4 -3 -2 -6 -5 -8 -4 -6 -1 2 -1 -1 -1 10 7 8 1 -6 5 -1 4
302 132 50 -1 58 21
0 2 2 2 2 2 1 0 2 2 0 2 2 1 2 1 1 2 0 2 2
0 1 0 1 1 1 0 2 1 0 0 0 1 2 0 2 0 2 1 2 0
1 1 1 1 1 1 0 0 0 0 0 0 0 0 0 0 0 0 0 0 0
0 0 0 0 0 0 1 1 1 1 0 0 0 0 0 0 0 0 0 0 0
0 0 0 0 0 0 0 0 0 0 1 1 1 1 1 1 1 1 0 0 0
0 0 0 0 0 0 0 0 0 0 0 0 0 0 0 0 0 0 1 1 1

4 2 19
5 3 8 3
2 -10 0 -4 6 10 2 10 4 -1 -1 -5 2 0 7 -10 -10 0 -6
176 142 38 41 63 36
1 0 0 0 2 1 0 0 0 0 2 1 2 2 2 0 2 2 2
2 1 0 2 2 1 1 1 2 0 0 2 1 0 2 0 0 1 0
1 1 1 1 1 0 0 0 0 0 0 0 0 0 0 0 0 0 0
0 0 0 0 0 1 1 1 0 0 0 0 0 0 0 0 0 0 0
0 0 0 0 0 0 0 0 1 1 1 1 1 1 1 1 0 0 0
0 0 0 0 0 0 0 0 0 0 0 0 0 0 0 0 1 1 1

4 2 25
8 7 7 3
-2 -2 -10 -2 9 8 -10 3 9 -1 -4 -1 -3 -7 -4 6 0 0 7 1 10 -6 -9 2 2
191 217 74 80 65 23
2 1 0 0 1 2 1 1 1 0 0 0 0 0 2 0 1 2 1 0 2 2 2 1 2
1 0 1 2 0 2 2 2 2 2 0 0 2 2 0 1 0 2 0 0 2 1 0 2 0
1 1 1 1 1 1 1 1 0 0 0 0 0 0 0 0 0 0 0 0 0 0 0 0 0
0 0 0 0 0 0 0 0 1 1 1 1 1 1 1 0 0 0 0 0 0 0 0 0 0
0 0 0 0 0 0 0 0 0 0 0 0 0 0 0 1 1 1 1 1 1 1 0 0 0
0 0 0 0 0 0 0 0 0 0 0 0 0 0 0 0 0 0 0 0 0 0 1 1 1

4 2 21
7 3 6 5
2 2 -9 -1 -7 3 3 5 3 7 -5 -2 8 3 7 -2 -4 5 4 -5 7
205 245 70 45 63 55
2 2 1 2 0 2 0 0 1 1 0 2 1 2 0 1 0 1 0 1 1
0 2 0 2 0 1 2 2 1 2 2 1 2 1 0 0 2 0 1 0 1
1 1 1 1 1 1 1 0 0 0 0 0 0 0 0 0 0 0 0 0 0
0 0 0 0 0 0 0 1 1 1 0 0 0 0 0 0 0 0 0 0 0
0 0 0 0 0 0 0 0 0 0 1 1 1 1 1 1 0 0 0 0 0
0 0 0 0 0 0 0 0 0 0 0 0 0 0 0 0 1 1 1 1 1

4 2 29
6 8 8 7
4 3 9 -6 -2 -4 -3 -10 -3 8 8 -10 4 -4 3 1 -8 -4 -2 10 3 6 0 -1 1 6 -2 5 -10
241 264 58 85 60 47
2 1 2 2 2 1 2 1 0 1 2 0 2 0 1 2 0 1 1 2 1 1 1 1 1 2 0 2 0
0 2 0 1 2 0 1 2 0 1 1 1 1 2 2 2 2 1 1 0 2 2 2 0 0 1 0 1 0
1 1 1 1 1 1 0 0 0 0 0 0 0 0 0 0 0 0 0 0 0 0 0 0 0 0 0 0 0
0 0 0 0 0 0 1 1 1 1 1 1 1 1 0 0 0 0 0 0 0 0 0 0 0 0 0 0 0
0 0 0 0 0 0 0 0 0 0 0 0 0 0 1 1 1 1 1 1 1 1 0 0 0 0 0 0 0
0 0 0 0 0 0 0 0 0 0 0 0 0 0 0 0 0 0 0 0 0 0 1 1 1 1 1 1 1

4 2 18
5 4 5 4
-8 2 2 1 -4 6 1 9 -10 8 10 -7 -3 10 4 7 -1 -5
192 221 45 45 50 -1
0 2 2 0 1 1 1 1 1 1 2 2 2 2 1 1 0 1
1 1 0 1 1 2 0 2 1 2 2 2 0 1 0 2 2 2
1 1 1 1 1 0 0 0 0 0 0 0 0 0 0 0 0 0
0 0 0 0 0 1 1 1 1 0 0 0 0 0 0 0 0 0
0 0 0 0 0 0 0 0 0 1 1 1 1 1 0 0 0 0
0 0 0 0 0 0 0 0 0 0 0 0 0 0 1 1 1 1

4 2 19
3 5 6 5
6 6 6 -2 -3 -3 -1 -8 -3 -8 -5 -9 6 8 8 -9 5 10 -4
250 210 16 56 64 47
0 2 1 0 2 1 1 1 2 1 1 2 1 2 2 2 1 2 2
2 0 0 1 2 2 2 1 0 1 1 2 2 1 0 2 0 1 0
1 1 1 0 0 0 0 0 0 0 0 0 0 0 0 0 0 0 0
0 0 0 1 1 1 1 1 0 0 0 0 0 0 0 0 0 0 0
0 0 0 0 0 0 0 0 1 1 1 1 1 1 0 0 0 0 0
0 0 0 0 0 0 0 0 0 0 0 0 0 0 1 1 1 1 1

4 2 25
7 7 4 7
-2 -2 -6 -1 -5 1 0 8 -6 -3 -3 -7 1 -6 -1 -3 3 6 -2 8 4 -8 10 7 8
271 155 85 109 -1 65
2 1 1 0 2 1 1 2 1 2 0 0 0 2 2 0 1 0 0 0 1 0 2 0 1
0 0 2 0 0 0 0 0 1 0 0 1 0 0 1 2 0 1 0 1 1 1 0 0 1
1 1 1 1 1 1 1 0 0 0 0 0 0 0 0 0 0 0 0 0 0 0 0 0 0
0 0 0 0 0 0 0 1 1 1 1 1 1 1 0 0 0 0 0 0 0 0 0 0 0
0 0 0 0 0 0 0 0 0 0 0 0 0 0 1 1 1 1 0 0 0 0 0 0 0
0 0 0 0 0 0 0 0 0 0 0 0 0 0 0 0 0 0 1 1 1 1 1 1 1

4 2 19
5 7 4 3
-2 -10 -10 5 -8 7 0 0 1 -2 -3 -4 -8 -3 2 3 -2 4 0
206 254 84 84 6 32
0 1 0 2 2 0 2 2 0 1 1 0 0 0 2 1 0 2 2
1 2 2 0 2 2 2 2 2 1 1 0 0 2 2 1 2 2 0
1 1 1 1 1 0 0 0 0 0 0 0 0 0 0 0 0 0 0
0 0 0 0 0 1 1 1 1 1 1 1 0 0 0 0 0 0 0
0 0 0 0 0 0 0 0 0 0 0 0 1 1 1 1 0 0 0
0 0 0 0 0 0 0 0 0 0 0 0 0 0 0 0 1 1 1

4 2 20
7 3 4 6
-5 8 6 5 -8 -9 -3 -3 -9 -9 -1 3 -5 3 0 -10 5 3 1 10
203 185 63 35 34 42
2 1 2 1 2 0 1 1 1 2 1 1 0 1 2 1 2 1 0 2
1 1 0 0 1 0 2 2 2 0 1 1 2 0 2 0 0 2 1 2
1 1 1 1 1 1 1 0 0 0 0 0 0 0 0 0 0 0 0 0
0 0 0 0 0 0 0 1 1 1 0 0 0 0 0 0 0 0 0 0
0 0 0 0 0 0 0 0 0 0 1 1 1 1 0 0 0 0 0 0
0 0 0 0 0 0 0 0 0 0 0 0 0 0 1 1 1 1 1 1

4 2 23
3 5 8 7
7 2 -6 -3 0 5 -9 -6 -5 5 -4 -1 5 7 4 4 0 -1 -9 10 2 0 -6
172 290 38 -1 74 45
2 0 2 0 0 1 1 2 0 1 0 1 0 1 2 2 0 2 0 2 0 1 1
2 0 1 2 2 0 2 2 2 1 2 0 0 2 0 1 1 0 2 2 2 2 0
1 1 1 0 0 0 0 0 0 0 0 0 0 0 0 0 0 0 0 0 0 0 0
0 0 0 1 1 1 1 1 0 0 0 0 0 0 0 0 0 0 0 0 0 0 0
0 0 0 0 0 0 0 0 1 1 1 1 1 1 1 1 0 0 0 0 0 0 0
0 0 0 0 0 0 0 0 0 0 0 0 0 0 0 0 1 1 1 1 1 1 1

4 2 17
5 4 3 5
-1 -6 9 0 -6 4 9 2 -2 -7 10 1 -7 0 2 -6 -9
198 173 -1 43 20 50
2 2 2 0 2 2 2 2 0 1 0 2 1 0 0 1 0
2 1 0 2 0 2 0 1 1 1 2 1 2 1 2 1 0
1 1 1 1 1 0 0 0 0 0 0 0 0 0 0 0 0
0 0 0 0 0 1 1 1 1 0 0 0 0 0 0 0 0
0 0 0 0 0 0 0 0 0 1 1 1 0 0 0 0 0
0 0 0 0 0 0 0 0 0 0 0 0 1 1 1 1 1

4 2 22
8 4 4 6
3 -5 10 3 6 -4 -9 -1 -7 -8 -4 -3 -4 -10 5 -7 -1 1 5 -6 6 1
250 241 82 53 41 56
0 2 1 0 2 1 2 0 1 0 1 0 2 1 2 1 0 1 2 1 2 1
0 2 0 1 2 1 2 2 1 0 2 0 1 0 2 0 1 0 0 1 0 2
1 1 1 1 1 1 1 1 0 0 0 0 0 0 0 0 0 0 0 0 0 0
0 0 0 0 0 0 0 0 1 1 1 1 0 0 0 0 0 0 0 0 0 0
0 0 0 0 0 0 0 0 0 0 0 0 1 1 1 1 0 0 0 0 0 0
0 0 0 0 0 0 0 0 0 0 0 0 0 0 0 0 1 1 1 1 1 1

4 2 21
5 7 5 4
-4 1 2 6 -5 -5 -2 8 5 -9 8 10 -5 -10 -4 -6 -7 -4 4 9 -8
133 244 31 79 31 29
1 0 2 0 1 1 0 1 1 0 0 0 0 1 1 1 1 2 2 1 2
2 1 1 1 1 2 0 1 2 2 2 0 1 2 2 1 2 0 1 0 2
1 1 1 1 1 0 0 0 0 0 0 0 0 0 0 0 0 0 0 0 0
0 0 0 0 0 1 1 1 1 1 1 1 0 0 0 0 0 0 0 0 0
0 0 0 0 0 0 0 0 0 0 0 0 1 1 1 1 1 0 0 0 0
0 0 0 0 0 0 0 0 0 0 0 0 0 0 0 0 0 1 1 1 1

4 2 21
8 3 3 7
-5 -9 1 3 -7 0 8 -5 10 -4 -1 -4 -9 2 8 -1 9 8 8 5 2
236 283 121 -1 47 68
2 0 1 2 1 1 2 0 2 0 0 0 1 0 0 2 1 1 1 0 1
0 2 2 1 1 1 0 2 0 1 1 2 1 0 2 0 1 2 2 2 2
1 1 1 1 1 1 1 1 0 0 0 0 0 0 0 0 0 0 0 0 0
0 0 0 0 0 0 0 0 1 1 1 0 0 0 0 0 0 0 0 0 0
0 0 0 0 0 0 0 0 0 0 0 1 1 1 0 0 0 0 0 0 0
0 0 0 0 0 0 0 0 0 0 0 0 0 0 1 1 1 1 1 1 1

4 2 23
5 8 4 6
-9 -9 1 -9 -10 6 -8 5 -8 -4 -5 -4 10 6 -8 4 -8 -5 -1 6 -3 -1 -4
266 336 47 86 36 80
0 0 0 0 2 0 1 0 2 0 0 2 2 2 1 2 1 1 0 2 1 2 2
0 0 2 2 2 1 2 1 2 2 1 1 2 2 2 1 1 2 0 0 1 1 2
1 1 1 1 1 0 0 0 0 0 0 0 0 0 0 0 0 0 0 0 0 0 0
0 0 0 0 0 1 1 1 1 1 1 1 1 0 0 0 0 0 0 0 0 0 0
0 0 0 0 0 0 0 0 0 0 0 0 0 1 1 1 1 0 0 0 0 0 0
0 0 0 0 0 0 0 0 0 0 0 0 0 0 0 0 0 1 1 1 1 1 1

4 2 21
3 5 5 8
-1 -4 5 -4 -5 4 -3 7 -7 8 -4 0 -6 9 0 -7 -5 4 8 0 1
158 253 31 83 44 54
2 1 2 1 1 1 1 1 2 0 1 0 0 0 1 1 0 0 0 1 1
1 2 2 2 0 2 0 1 2 0 1 2 2 0 2 0 2 2 1 1 0
1 1 1 0 0 0 0 0 0 0 0 0 0 0 0 0 0 0 0 0 0
0 0 0 1 1 1 1 1 0 0 0 0 0 0 0 0 0 0 0 0 0
0 0 0 0 0 0 0 0 1 1 1 1 1 0 0 0 0 0 0 0 0
0 0 0 0 0 0 0 0 0 0 0 0 0 1 1 1 1 1 1 1 1

4 2 23
3 6 7 7
0 9 -10 4 9 6 -10 -3 3 1 -6 10 0 1 -4 5 -6 1 -3 10 -3 -3 10
281 246 16 64 -1 73
0 2 1 2 2 2 1 0 2 1 1 0 0 2 1 0 2 0 1 1 2 2 2
1 2 0 1 2 0 0 2 2 2 1 2 2 2 1 0 0 2 1 2 1 0 0
1 1 1 0 0 0 0 0 0 0 0 0 0 0 0 0 0 0 0 0 0 0 0
0 0 0 1 1 1 1 1 1 0 0 0 0 0 0 0 0 0 0 0 0 0 0
0 0 0 0 0 0 0 0 0 1 1 1 1 1 1 1 0 0 0 0 0 0 0
0 0 0 0 0 0 0 0 0 0 0 0 0 0 0 0 1 1 1 1 1 1 1

4 2 18
3 6 3 6
3 7 -4 8 9 1 1 -1 -10 9 9 2 3 9 4 -1 -3 6
137 232 39 73 29 70
1 2 1 0 0 2 0 1 1 1 0 2 2 0 0 0 2 0
2 0 1 2 2 0 2 1 2 1 1 0 2 1 2 0 1 0
1 1 1 0 0 0 0 0 0 0 0 0 0 0 0 0 0 0
0 0 0 1 1 1 1 1 1 0 0 0 0 0 0 0 0 0
0 0 0 0 0 0 0 0 0 1 1 1 0 0 0 0 0 0
0 0 0 0 0 0 0 0 0 0 0 0 1 1 1 1 1 1

4 2 20
4 6 3 7
-3 -6 -2 -4 8 7 -4 2 -4 -9 6 -10 -10 -9 8 -2 4 -10 -6 6
149 176 48 44 -1 105
0 0 0 1 1 2 0 1 1 2 1 0 0 1 0 2 1 0 2 0
2 0 2 2 1 0 2 2 1 1 0 2 0 1 0 0 1 0 0 0
1 1 1 1 0 0 0 0 0 0 0 0 0 0 0 0 0 0 0 0
0 0 0 0 1 1 1 1 1 1 0 0 0 0 0 0 0 0 0 0
0 0 0 0 0 0 0 0 0 0 1 1 1 0 0 0 0 0 0 0
0 0 0 0 0 0 0 0 0 0 0 0 0 1 1 1 1 1 1 1

4 2 19
5 5 4 5
-10 7 6 -3 -9 3 -8 -3 2 5 3 4 -2 -10 -10 -7 -10 1 6
118 208 66 62 32 47
1 0 0 0 0 0 1 1 1 0 1 0 0 2 0 0 2 1 2
1 1 1 1 1 1 2 1 1 1 0 2 0 1 2 1 2 0 2
1 1 1 1 1 0 0 0 0 0 0 0 0 0 0 0 0 0 0
0 0 0 0 0 1 1 1 1 1 0 0 0 0 0 0 0 0 0
0 0 0 0 0 0 0 0 0 0 1 1 1 1 0 0 0 0 0
0 0 0 0 0 0 0 0 0 0 0 0 0 0 1 1 1 1 1

4 2 20
6 7 3 4
8 1 1 -5 7 3 3 -3 -10 -7 6 -3 6 2 5 -5 -4 -3 -3 -10
234 87 -1 77 36 17
2 0 2 2 2 0 0 0 1 2 1 2 1 0 2 2 1 2 2 2
0 0 1 0 0 2 0 1 0 0 1 0 0 0 0 1 1 2 2 0
1 1 1 1 1 1 0 0 0 0 0 0 0 0 0 0 0 0 0 0
0 0 0 0 0 0 1 1 1 1 1 1 1 0 0 0 0 0 0 0
0 0 0 0 0 0 0 0 0 0 0 0 0 1 1 1 0 0 0 0
0 0 0 0 0 0 0 0 0 0 0 0 0 0 0 0 1 1 1 1

4 2 24
8 7 4 5
10 5 3 -5 3 8 -2 0 5 7 4 9 3 -9 8 5 2 7 -6 3 4 -2 9 10
206 180 67 86 30 21
0 1 2 2 0 0 2 0 0 1 0 1 1 1 1 1 2 1 2 0 0 0 2 2
2 1 0 1 0 0 0 1 0 2 2 0 0 2 2 0 1 0 1 0 1 2 1 0
1 1 1 1 1 1 1 1 0 0 0 0 0 0 0 0 0 0 0 0 0 0 0 0
0 0 0 0 0 0 0 0 1 1 1 1 1 1 1 0 0 0 0 0 0 0 0 0
0 0 0 0 0 0 0 0 0 0 0 0 0 0 0 1 1 1 1 0 0 0 0 0
0 0 0 0 0 0 0 0 0 0 0 0 0 0 0 0 0 0 0 1 1 1 1 1

4 2 23
8 5 3 7
0 10 6 -2 -10 2 -2 -4 -1 8 8 3 7 7 9 -10 -2 10 5 -1 -10 -9 -3
174 153 58 50 20 55
1 0 2 0 2 0 0 1 1 0 0 0 2 0 1 1 2 1 1 1 1 1 1
0 0 0 0 2 2 0 2 1 2 0 0 0 1 0 2 1 2 0 0 0 1 2
1 1 1 1 1 1 1 1 0 0 0 0 0 0 0 0 0 0 0 0 0 0 0
0 0 0 0 0 0 0 0 1 1 1 1 1 0 0 0 0 0 0 0 0 0 0
0 0 0 0 0 0 0 0 0 0 0 0 0 1 1 1 0 0 0 0 0 0 0
0 0 0 0 0 0 0 0 0 0 0 0 0 0 0 0 1 1 1 1 1 1 1

4 2 23
6 5 7 5
-6 9 9 -3 -3 7 8 -6 5 8 -1 9 0 -8 6 1 2 1 -6 5 2 5 -2
187 226 76 34 53 -1
0 1 0 1 0 1 0 1 1 0 0 0 1 1 2 2 2 1 1 1 2 0 1
2 0 0 2 1 2 1 1 1 2 0 2 2 2 1 1 2 2 0 2 1 0 1
1 1 1 1 1 1 0 0 0 0 0 0 0 0 0 0 0 0 0 0 0 0 0
0 0 0 0 0 0 1 1 1 1 1 0 0 0 0 0 0 0 0 0 0 0 0
0 0 0 0 0 0 0 0 0 0 0 1 1 1 1 1 1 1 0 0 0 0 0
0 0 0 0 0 0 0 0 0 0 0 0 0 0 0 0 0 0 1 1 1 1 1

4 2 31
8 8 8 7
2 7 -10 -9 2 -1 -9 -1 4 5 0 -4 -8 4 -6 6 -1 -5 9 2 3 -5 -8 -4 2 -10 -10 -5 1 7 0
366 306 87 101 59 88
0 1 2 0 2 2 0 2 2 2 1 1 1 1 2 0 0 0 2 0 2 2 0 0 0 1 1 1 1 1 2
1 0 0 1 1 1 0 2 1 2 1 1 0 2 0 1 2 0 1 1 0 1 0 1 1 2 0 2 0 0 1
1 1 1 1 1 1 1 1 0 0 0 0 0 0 0 0 0 0 0 0 0 0 0 0 0 0 0 0 0 0 0
0 0 0 0 0 0 0 0 1 1 1 1 1 1 1 1 0 0 0 0 0 0 0 0 0 0 0 0 0 0 0
0 0 0 0 0 0 0 0 0 0 0 0 0 0 0 0 1 1 1 1 1 1 1 1 0 0 0 0 0 0 0
0 0 0 0 0 0 0 0 0 0 0 0 0 0 0 0 0 0 0 0 0 0 0 0 1 1 1 1 1 1 1

4 2 18
6 4 5 3
9 -3 3 10 -8 9 5 10 4 -2 1 -6 0 10 -5 -3 -10 9
182 241 63 -1 57 26
2 1 0 0 2 2 1 2 2 0 1 2 0 1 0 0 0 2
2 2 2 0 1 1 2 2 2 2 2 0 0 2 2 1 0 0
1 1 1 1 1 1 0 0 0 0 0 0 0 0 0 0 0 0
0 0 0 0 0 0 1 1 1 1 0 0 0 0 0 0 0 0
0 0 0 0 0 0 0 0 0 0 1 1 1 1 1 0 0 0
0 0 0 0 0 0 0 0 0 0 0 0 0 0 0 1 1 1

4 2 22
3 8 6 5
4 8 10 -8 5 -2 -10 -3 -10 -3 -2 7 -9 6 2 -2 -3 4 -8 9 -5 2
227 223 42 80 67 42
2 2 2 0 1 1 2 1 1 0 1 0 0 2 1 0 1 0 1 1 1 2
0 1 1 0 1 1 1 1 1 0 1 2 2 1 1 0 1 2 2 2 0 2
1 1 1 0 0 0 0 0 0 0 0 0 0 0 0 0 0 0 0 0 0 0
0 0 0 1 1 1 1 1 1 1 1 0 0 0 0 0 0 0 0 0 0 0
0 0 0 0 0 0 0 0 0 0 0 1 1 1 1 1 1 0 0 0 0 0
0 0 0 0 0 0 0 0 0 0 0 0 0 0 0 0 0 1 1 1 1 1

