100
3 1 9
3 3 3
-3 4 -1 0 5 0 -5 -3 0
33 11 9 8
1 0 2 1 0 2 2 0 1
1 1 1 0 0 0 0 0 0
0 0 0 1 1 1 0 0 0
0 0 0 0 0 0 1 1 1

3 1 9
3 3 3
-2 0 4 -1 -3 3 5 5 -4
2 2 3 1
0 1 2 2 0 1 2 1 0
1 1 1 0 0 0 0 0 0
0 0 0 1 1 1 0 0 0
0 0 0 0 0 0 1 1 1

3 1 9
3 3 3
1 -5 -2 1 0 -5 -4 -4 0
2 1 3 3
2 0 1 0 1 2 1 2 0
1 1 1 0 0 0 0 0 0
0 0 0 1 1 1 0 0 0
0 0 0 0 0 0 1 1 1

3 1 9
3 3 3
0 5 2 0 -2 -1 5 -3 -2
28 7 6 13
1 2 0 0 2 1 0 2 1
1 1 1 0 0 0 0 0 0
0 0 0 1 1 1 0 0 0
0 0 0 0 0 0 1 1 1

3 1 9
3 3 3
-4 -4 -3 5 -4 1 -4 -1 -2
28 13 5 8
2 0 1 0 1 2 1 0 2
1 1 1 0 0 0 0 0 0
0 0 0 1 1 1 0 0 0
0 0 0 0 0 0 1 1 1

3 1 9
3 3 3
4 -3 5 2 5 -2 0 1 5
2 1 1 1
0 2 1 1 2 0 1 2 0
1 1 1 0 0 0 0 0 0
0 0 0 1 1 1 0 0 0
0 0 0 0 0 0 1 1 1

3 1 9
3 3 3
4 4 -3 2 0 -4 3 -2 -2
2 2 3 2
0 1 2 2 0 1 2 1 0
1 1 1 0 0 0 0 0 0
0 0 0 1 1 1 0 0 0
0 0 0 0 0 0 1 1 1

3 1 9
3 3 3
-1 0 2 1 5 1 2 -3 -2
2 2 2 3
1 2 0 2 1 0 1 2 0
1 1 1 0 0 0 0 0 0
0 0 0 1 1 1 0 0 0
0 0 0 0 0 0 1 1 1

3 1 9
3 3 3
-5 5 3 -1 -5 1 0 4 4
15 8 3 5
2 0 1 1 2 0 0 1 2
1 1 1 0 0 0 0 0 0
0 0 0 1 1 1 0 0 0
0 0 0 0 0 0 1 1 1

3 1 9
3 3 3
0 2 -5 -4 -2 1 0 -4 4
3 1 1 1
0 2 1 1 0 2 2 0 1
1 1 1 0 0 0 0 0 0
0 0 0 1 1 1 0 0 0
0 0 0 0 0 0 1 1 1

3 1 9
3 3 3
3 2 5 -1 1 5 1 -4 -4
1 2 2 2
0 1 2 2 1 0 2 1 0
1 1 1 0 0 0 0 0 0
0 0 0 1 1 1 0 0 0
0 0 0 0 0 0 1 1 1

3 1 9
3 3 3
-4 1 -1 5 4 1 -2 1 -1
27 10 8 11
2 0 1 0 1 2 2 1 0
1 1 1 0 0 0 0 0 0
0 0 0 1 1 1 0 0 0
0 0 0 0 0 0 1 1 1

3 1 9
3 3 3
-4 2 5 -1 -3 -1 -5 3 2
1 2 3 2
0 2 1 1 2 0 2 0 1
1 1 1 0 0 0 0 0 0
0 0 0 1 1 1 0 0 0
0 0 0 0 0 0 1 1 1

3 1 9
3 3 3
2 -2 -2 -2 0 2 5 -5 -1
1 2 3 2
1 2 0 1 2 0 2 1 0
1 1 1 0 0 0 0 0 0
0 0 0 1 1 1 0 0 0
0 0 0 0 0 0 1 1 1

3 1 9
3 3 3
4 4 -2 -5 4 1 5 -4 4
30 8 13 8
0 1 2 2 0 1 2 1 0
1 1 1 0 0 0 0 0 0
0 0 0 1 1 1 0 0 0
0 0 0 0 0 0 1 1 1

3 1 9
3 3 3
4 4 5 3 1 5 0 -5 -5
1 3 1 2
0 1 2 1 0 2 0 1 2
1 1 1 0 0 0 0 0 0
0 0 0 1 1 1 0 0 0
0 0 0 0 0 0 1 1 1

3 1 9
3 3 3
-1 1 5 -3 0 -3 -5 0 -4
2 3 2 1
1 2 0 1 0 2 1 0 2
1 1 1 0 0 0 0 0 0
0 0 0 1 1 1 0 0 0
0 0 0 0 0 0 1 1 1

3 1 9
3 3 3
4 -1 -3 0 -1 -1 3 -1 4
21 8 8 7
1 2 0 1 0 2 0 1 2
1 1 1 0 0 0 0 0 0
0 0 0 1 1 1 0 0 0
0 0 0 0 0 0 1 1 1

3 1 9
3 3 3
2 -2 0 4 2 -1 -3 -4 3
20 7 4 7
2 0 1 0 1 2 0 2 1
1 1 1 0 0 0 0 0 0
0 0 0 1 1 1 0 0 0
0 0 0 0 0 0 1 1 1

3 1 9
3 3 3
-2 -5 5 -1 0 -3 0 0 2
1 1 1 3
0 1 2 2 0 1 0 1 2
1 1 1 0 0 0 0 0 0
0 0 0 1 1 1 0 0 0
0 0 0 0 0 0 1 1 1

3 1 9
3 3 3
-3 3 -1 1 1 5 -2 -4 2
30 11 14 8
1 0 2 1 0 2 1 0 2
1 1 1 0 0 0 0 0 0
0 0 0 1 1 1 0 0 0
0 0 0 0 0 0 1 1 1

3 1 9
3 3 3
3 0 1 5 -5 4 -5 1 2
3 1 2 3
0 1 2 2 1 0 1 2 0
1 1 1 0 0 0 0 0 0
0 0 0 1 1 1 0 0 0
0 0 0 0 0 0 1 1 1

3 1 9
3 3 3
3 -5 -1 0 -2 -2 -3 0 -3
3 3 3 2
2 0 1 2 1 0 0 1 2
1 1 1 0 0 0 0 0 0
0 0 0 1 1 1 0 0 0
0 0 0 0 0 0 1 1 1

3 1 9
3 3 3
-1 4 3 3 4 2 -2 0 -2
17 4 8 8
0 2 1 0 1 2 2 1 0
1 1 1 0 0 0 0 0 0
0 0 0 1 1 1 0 0 0
0 0 0 0 0 0 1 1 1

3 1 9
3 3 3
-4 -2 -2 3 -2 -3 -2 -3 2
3 3 3 1
1 2 0 1 2 0 1 0 2
1 1 1 0 0 0 0 0 0
0 0 0 1 1 1 0 0 0
0 0 0 0 0 0 1 1 1

3 1 9
3 3 3
1 -1 -3 0 -2 -5 4 -1 0
23 6 6 14
1 2 0 0 1 2 0 1 2
1 1 1 0 0 0 0 0 0
0 0 0 1 1 1 0 0 0
0 0 0 0 0 0 1 1 1

3 1 9
3 3 3
0 3 4 -2 1 2 -5 -1 0
16 3 5 2
1 0 2 2 1 0 0 1 2
1 1 1 0 0 0 0 0 0
0 0 0 1 1 1 0 0 0
0 0 0 0 0 0 1 1 1

3 1 9
3 3 3
-4 -3 -3 -2 5 -3 0 4 1
29 10 12 10
1 0 2 1 2 0 1 0 2
1 1 1 0 0 0 0 0 0
0 0 0 1 1 1 0 0 0
0 0 0 0 0 0 1 1 1

3 1 9
3 3 3
1 4 2 5 -4 -1 -2 -3 4
23 12 9 7
0 2 1 0 1 2 0 2 1
1 1 1 0 0 0 0 0 0
0 0 0 1 1 1 0 0 0
0 0 0 0 0 0 1 1 1

3 1 9
3 3 3
2 4 -2 -3 -3 4 -2 2 -5
31 8 10 11
0 1 2 1 2 0 2 1 0
1 1 1 0 0 0 0 0 0
0 0 0 1 1 1 0 0 0
0 0 0 0 0 0 1 1 1

3 1 9
3 3 3
1 0 0 2 -4 0 1 -3 4
26 7 11 10
1 2 0 0 1 2 2 0 1
1 1 1 0 0 0 0 0 0
0 0 0 1 1 1 0 0 0
0 0 0 0 0 0 1 1 1

3 1 9
3 3 3
3 -2 0 4 -4 5 -4 -5 5
16 8 4 7
0 1 2 0 1 2 2 0 1
1 1 1 0 0 0 0 0 0
0 0 0 1 1 1 0 0 0
0 0 0 0 0 0 1 1 1

3 1 9
3 3 3
0 4 1 -5 -4 4 2 3 3
26 9 8 9
1 2 0 2 0 1 1 0 2
1 1 1 0 0 0 0 0 0
0 0 0 1 1 1 0 0 0
0 0 0 0 0 0 1 1 1

3 1 9
3 3 3
0 3 3 4 -4 -5 -5 -5 -3
1 2 2 2
0 1 2 0 2 1 2 0 1
1 1 1 0 0 0 0 0 0
0 0 0 1 1 1 0 0 0
0 0 0 0 0 0 1 1 1

3 1 9
3 3 3
-3 -1 -4 -2 4 -4 0 0 3
1 2 3 2
1 2 0 1 0 2 0 1 2
1 1 1 0 0 0 0 0 0
0 0 0 1 1 1 0 0 0
0 0 0 0 0 0 1 1 1

3 1 9
3 3 3
1 5 3 0 3 -1 -3 3 -5
2 3 1 2
1 0 2 1 0 2 2 0 1
1 1 1 0 0 0 0 0 0
0 0 0 1 1 1 0 0 0
0 0 0 0 0 0 1 1 1

3 1 9
3 3 3
-3 -5 5 -4 -4 0 -3 -2 -4
30 13 6 9
1 0 2 2 0 1 1 0 2
1 1 1 0 0 0 0 0 0
0 0 0 1 1 1 0 0 0
0 0 0 0 0 0 1 1 1

3 1 9
3 3 3
4 2 -4 0 0 -1 4 -3 0
3 2 2 3
1 2 0 1 2 0 0 1 2
1 1 1 0 0 0 0 0 0
0 0 0 1 1 1 0 0 0
0 0 0 0 0 0 1 1 1

3 1 9
3 3 3
1 4 4 -3 3 -1 5 5 -2
21 9 11 5
0 2 1 2 0 1 1 2 0
1 1 1 0 0 0 0 0 0
0 0 0 1 1 1 0 0 0
0 0 0 0 0 0 1 1 1

3 1 9
3 3 3
-1 4 5 4 0 -3 5 -5 2
25 4 11 10
1 0 2 2 0 1 0 2 1
1 1 1 0 0 0 0 0 0
0 0 0 1 1 1 0 0 0
0 0 0 0 0 0 1 1 1

3 1 9
3 3 3
-1 -5 3 2 0 5 5 4 -2
2 2 3 3
0 2 1 1 0 2 1 0 2
1 1 1 0 0 0 0 0 0
0 0 0 1 1 1 0 0 0
0 0 0 0 0 0 1 1 1

3 1 9
3 3 3
2 5 -4 -5 -4 5 -3 -2 4
3 3 3 2
0 1 2 1 0 2 0 1 2
1 1 1 0 0 0 0 0 0
0 0 0 1 1 1 0 0 0
0 0 0 0 0 0 1 1 1

3 1 9
3 3 3
-3 -5 -2 -3 -1 3 0 -1 1
24 6 7 6
0 1 2 0 2 1 2 0 1
1 1 1 0 0 0 0 0 0
0 0 0 1 1 1 0 0 0
0 0 0 0 0 0 1 1 1

3 1 9
3 3 3
0 0 2 -3 -5 3 3 -2 5
1 2 3 1
1 2 0 2 1 0 1 0 2
1 1 1 0 0 0 0 0 0
0 0 0 1 1 1 0 0 0
0 0 0 0 0 0 1 1 1

3 1 9
3 3 3
-1 -1 2 2 5 3 -5 -1 -4
22 7 7 6
2 1 0 1 2 0 2 1 0
1 1 1 0 0 0 0 0 0
0 0 0 1 1 1 0 0 0
0 0 0 0 0 0 1 1 1

3 1 9
3 3 3
-3 0 0 -3 -2 -1 5 4 -4
19 9 4 8
1 0 2 2 1 0 1 2 0
1 1 1 0 0 0 0 0 0
0 0 0 1 1 1 0 0 0
0 0 0 0 0 0 1 1 1

3 1 9
3 3 3
2 -5 4 -2 -3 5 5 -3 -3
1 3 2 1
1 2 0 0 2 1 1 0 2
1 1 1 0 0 0 0 0 0
0 0 0 1 1 1 0 0 0
0 0 0 0 0 0 1 1 1

3 1 9
3 3 3
-5 -4 2 -4 3 0 3 -3 0
9 1 3 7
1 2 0 2 0 1 0 2 1
1 1 1 0 0 0 0 0 0
0 0 0 1 1 1 0 0 0
0 0 0 0 0 0 1 1 1

3 1 9
3 3 3
-5 1 -5 3 1 -4 0 -3 -3
1 3 1 3
0 1 2 0 2 1 0 1 2
1 1 1 0 0 0 0 0 0
0 0 0 1 1 1 0 0 0
0 0 0 0 0 0 1 1 1

3 1 9
3 3 3
-1 -5 4 -5 0 -4 -3 -4 5
3 1 2 1
0 1 2 0 1 2 0 1 2
1 1 1 0 0 0 0 0 0
0 0 0 1 1 1 0 0 0
0 0 0 0 0 0 1 1 1

3 1 9
3 3 3
-4 -4 -3 0 4 5 1 5 5
3 3 1 2
0 2 1 0 2 1 2 0 1
1 1 1 0 0 0 0 0 0
0 0 0 1 1 1 0 0 0
0 0 0 0 0 0 1 1 1

3 1 9
3 3 3
-1 -5 -5 5 3 0 5 -2 1
3 3 1 3
0 1 2 2 0 1 1 2 0
1 1 1 0 0 0 0 0 0
0 0 0 1 1 1 0 0 0
0 0 0 0 0 0 1 1 1

3 1 9
3 3 3
3 0 -2 3 0 3 5 0 -1
21 7 13 3
0 1 2 0 2 1 1 0 2
1 1 1 0 0 0 0 0 0
0 0 0 1 1 1 0 0 0
0 0 0 0 0 0 1 1 1

3 1 9
3 3 3
-2 4 -2 0 -4 -3 2 -3 5
1 3 2 2
1 2 0 2 0 1 1 2 0
1 1 1 0 0 0 0 0 0
0 0 0 1 1 1 0 0 0
0 0 0 0 0 0 1 1 1

3 1 9
3 3 3
-2 -3 3 -3 -1 3 -2 3 2
2 1 3 2
0 2 1 2 0 1 2 0 1
1 1 1 0 0 0 0 0 0
0 0 0 1 1 1 0 0 0
0 0 0 0 0 0 1 1 1

3 1 9
3 3 3
0 -3 4 3 0 3 3 -5 2
2 2 1 1
1 2 0 0 1 2 2 0 1
1 1 1 0 0 0 0 0 0
0 0 0 1 1 1 0 0 0
0 0 0 0 0 0 1 1 1

3 1 9
3 3 3
3 -2 0 -3 -4 3 -2 -1 5
1 2 1 1
0 2 1 2 0 1 2 1 0
1 1 1 0 0 0 0 0 0
0 0 0 1 1 1 0 0 0
0 0 0 0 0 0 1 1 1

3 1 9
3 3 3
-4 0 1 -4 0 -5 2 -4 -5
3 2 2 1
1 0 2 0 1 2 0 1 2
1 1 1 0 0 0 0 0 0
0 0 0 1 1 1 0 0 0
0 0 0 0 0 0 1 1 1

3 1 9
3 3 3
-1 -3 -2 -3 0 2 -3 -5 4
35 6 11 11
0 2 1 2 0 1 2 0 1
1 1 1 0 0 0 0 0 0
0 0 0 1 1 1 0 0 0
0 0 0 0 0 0 1 1 1

3 1 9
3 3 3
0 2 4 1 4 2 5 -5 0
2 2 3 3
1 0 2 0 1 2 0 1 2
1 1 1 0 0 0 0 0 0
0 0 0 1 1 1 0 0 0
0 0 0 0 0 0 1 1 1

3 1 9
3 3 3
-3 -4 -3 4 -3 -3 1 3 -4
29 10 7 9
1 0 2 2 1 0 2 1 0
1 1 1 0 0 0 0 0 0
0 0 0 1 1 1 0 0 0
0 0 0 0 0 0 1 1 1

3 1 9
3 3 3
1 3 -1 -4 3 -1 -4 3 -5
1 3 3 2
0 2 1 2 1 0 2 1 0
1 1 1 0 0 0 0 0 0
0 0 0 1 1 1 0 0 0
0 0 0 0 0 0 1 1 1

3 1 9
3 3 3
-3 -4 -3 -2 -4 -2 -5 3 2
3 2 1 3
2 1 0 2 0 1 1 0 2
1 1 1 0 0 0 0 0 0
0 0 0 1 1 1 0 0 0
0 0 0 0 0 0 1 1 1

3 1 9
3 3 3
-3 1 4 -3 -4 5 -3 0 5
22 11 3 5
2 0 1 1 2 0 0 2 1
1 1 1 0 0 0 0 0 0
0 0 0 1 1 1 0 0 0
0 0 0 0 0 0 1 1 1

3 1 9
3 3 3
4 0 5 2 -3 -3 -2 -5 5
3 1 2 2
1 2 0 2 1 0 1 0 2
1 1 1 0 0 0 0 0 0
0 0 0 1 1 1 0 0 0
0 0 0 0 0 0 1 1 1

3 1 9
3 3 3
4 -4 2 4 -4 -2 0 -5 4
22 9 7 8
2 1 0 2 0 1 2 1 0
1 1 1 0 0 0 0 0 0
0 0 0 1 1 1 0 0 0
0 0 0 0 0 0 1 1 1

3 1 9
3 3 3
5 3 1 5 -4 5 5 -4 -1
29 4 11 8
1 2 0 1 2 0 2 0 1
1 1 1 0 0 0 0 0 0
0 0 0 1 1 1 0 0 0
0 0 0 0 0 0 1 1 1

3 1 9
3 3 3
-4 1 5 1 -2 -4 0 -3 -3
1 1 3 1
2 0 1 0 2 1 0 1 2
1 1 1 0 0 0 0 0 0
0 0 0 1 1 1 0 0 0
0 0 0 0 0 0 1 1 1

3 1 9
3 3 3
-5 -1 0 -5 4 -1 -2 -5 1
31 13 10 10
1 2 0 2 1 0 0 1 2
1 1 1 0 0 0 0 0 0
0 0 0 1 1 1 0 0 0
0 0 0 0 0 0 1 1 1

3 1 9
3 3 3
-3 -5 -5 -5 0 -2 3 4 5
2 2 3 2
1 2 0 2 1 0 2 1 0
1 1 1 0 0 0 0 0 0
0 0 0 1 1 1 0 0 0
0 0 0 0 0 0 1 1 1

3 1 9
3 3 3
5 -1 -2 -4 -3 4 5 3 0
28 11 4 8
0 1 2 0 1 2 0 1 2
1 1 1 0 0 0 0 0 0
0 0 0 1 1 1 0 0 0
0 0 0 0 0 0 1 1 1

3 1 9
3 3 3
-1 -4 -1 1 2 1 -2 2 4
1 1 3 3
0 2 1 2 1 0 0 2 1
1 1 1 0 0 0 0 0 0
0 0 0 1 1 1 0 0 0
0 0 0 0 0 0 1 1 1

3 1 9
3 3 3
-3 -4 0 0 2 -5 -2 4 5
31 10 10 10
2 1 0 0 2 1 1 2 0
1 1 1 0 0 0 0 0 0
0 0 0 1 1 1 0 0 0
0 0 0 0 0 0 1 1 1

3 1 9
3 3 3
-4 -2 -3 -4 1 -5 -5 -5 4
3 3 3 3
0 1 2 2 0 1 0 1 2
1 1 1 0 0 0 0 0 0
0 0 0 1 1 1 0 0 0
0 0 0 0 0 0 1 1 1

3 1 9
3 3 3
5 2 2 -1 0 4 3 5 0
3 2 2 1
0 2 1 1 2 0 0 2 1
1 1 1 0 0 0 0 0 0
0 0 0 1 1 1 0 0 0
0 0 0 0 0 0 1 1 1

3 1 9
3 3 3
3 5 -4 -1 4 3 -2 -2 -3
2 3 3 3
1 2 0 1 2 0 0 1 2
1 1 1 0 0 0 0 0 0
0 0 0 1 1 1 0 0 0
0 0 0 0 0 0 1 1 1

3 1 9
3 3 3
-3 -4 1 2 4 -4 -1 -3 1
1 1 2 1
0 1 2 2 0 1 2 1 0
1 1 1 0 0 0 0 0 0
0 0 0 1 1 1 0 0 0
0 0 0 0 0 0 1 1 1

3 1 9
3 3 3
-5 5 2 0 -4 3 -4 -4 -1
3 1 3 2
2 1 0 0 1 2 0 1 2
1 1 1 0 0 0 0 0 0
0 0 0 1 1 1 0 0 0
0 0 0 0 0 0 1 1 1

3 1 9
3 3 3
-2 1 2 0 -2 -4 4 4 -4
12 8 5 6
0 1 2 0 2 1 1 2 0
1 1 1 0 0 0 0 0 0
0 0 0 1 1 1 0 0 0
0 0 0 0 0 0 1 1 1

3 1 9
3 3 3
1 -2 5 1 -2 -3 -5 -1 -5
19 6 10 10
0 1 2 1 2 0 1 0 2
1 1 1 0 0 0 0 0 0
0 0 0 1 1 1 0 0 0
0 0 0 0 0 0 1 1 1

3 1 9
3 3 3
-5 -4 2 -3 5 1 -2 -4 -4
25 11 8 11
1 2 0 2 0 1 1 2 0
1 1 1 0 0 0 0 0 0
0 0 0 1 1 1 0 0 0
0 0 0 0 0 0 1 1 1

3 1 9
3 3 3
-5 0 0 1 5 0 1 -5 -4
3 1 1 1
0 2 1 1 0 2 1 0 2
1 1 1 0 0 0 0 0 0
0 0 0 1 1 1 0 0 0
0 0 0 0 0 0 1 1 1

3 1 9
3 3 3
0 3 -1 4 3 -1 -4 0 -4
3 1 3 3
0 1 2 2 1 0 0 2 1
1 1 1 0 0 0 0 0 0
0 0 0 1 1 1 0 0 0
0 0 0 0 0 0 1 1 1

3 1 9
3 3 3
-2 -2 0 -4 -5 2 -2 3 2
15 2 8 5
1 2 0 0 1 2 1 0 2
1 1 1 0 0 0 0 0 0
0 0 0 1 1 1 0 0 0
0 0 0 0 0 0 1 1 1

3 1 9
3 3 3
-5 3 3 -3 3 -5 -3 3 3
29 11 4 11
0 1 2 2 1 0 1 0 2
1 1 1 0 0 0 0 0 0
0 0 0 1 1 1 0 0 0
0 0 0 0 0 0 1 1 1

3 1 9
3 3 3
2 3 0 -1 1 -4 4 2 2
1 1 2 3
0 2 1 0 2 1 1 2 0
1 1 1 0 0 0 0 0 0
0 0 0 1 1 1 0 0 0
0 0 0 0 0 0 1 1 1

3 1 9
3 3 3
5 3 3 -1 5 -1 -4 -3 -1
31 12 7 11
2 0 1 2 0 1 1 2 0
1 1 1 0 0 0 0 0 0
0 0 0 1 1 1 0 0 0
0 0 0 0 0 0 1 1 1

3 1 9
3 3 3
-1 -1 -2 1 -2 5 2 1 -1
1 1 2 3
1 0 2 2 1 0 0 1 2
1 1 1 0 0 0 0 0 0
0 0 0 1 1 1 0 0 0
0 0 0 0 0 0 1 1 1

3 1 9
3 3 3
5 1 3 -5 -5 -1 -4 -5 -1
18 10 7 6
2 0 1 2 0 1 2 0 1
1 1 1 0 0 0 0 0 0
0 0 0 1 1 1 0 0 0
0 0 0 0 0 0 1 1 1

3 1 9
3 3 3
0 -3 -1 5 4 2 4 0 5
1 3 2 2
0 2 1 1 0 2 2 1 0
1 1 1 0 0 0 0 0 0
0 0 0 1 1 1 0 0 0
0 0 0 0 0 0 1 1 1

3 1 9
3 3 3
5 5 2 1 -3 5 -1 0 -2
2 3 3 3
1 2 0 0 2 1 0 1 2
1 1 1 0 0 0 0 0 0
0 0 0 1 1 1 0 0 0
0 0 0 0 0 0 1 1 1

3 1 9
3 3 3
5 5 -3 3 1 1 -1 3 -2
1 1 3 2
2 0 1 0 2 1 1 2 0
1 1 1 0 0 0 0 0 0
0 0 0 1 1 1 0 0 0
0 0 0 0 0 0 1 1 1

3 1 9
3 3 3
-1 -1 3 -4 3 1 0 4 -3
24 13 4 6
1 2 0 2 0 1 0 2 1
1 1 1 0 0 0 0 0 0
0 0 0 1 1 1 0 0 0
0 0 0 0 0 0 1 1 1

3 1 9
3 3 3
-1 0 3 1 -1 -4 5 1 0
33 9 11 9
2 0 1 2 0 1 1 0 2
1 1 1 0 0 0 0 0 0
0 0 0 1 1 1 0 0 0
0 0 0 0 0 0 1 1 1

3 1 9
3 3 3
1 0 -2 0 5 -4 -5 5 -5
3 1 1 2
0 1 2 1 0 2 2 1 0
1 1 1 0 0 0 0 0 0
0 0 0 1 1 1 0 0 0
0 0 0 0 0 0 1 1 1

3 1 9
3 3 3
-5 5 -3 -5 0 5 2 2 -1
28 14 6 11
1 0 2 2 0 1 2 1 0
1 1 1 0 0 0 0 0 0
0 0 0 1 1 1 0 0 0
0 0 0 0 0 0 1 1 1

3 1 9
3 3 3
0 -1 3 3 5 1 2 -3 -4
1 2 1 1
0 1 2 2 0 1 2 1 0
1 1 1 0 0 0 0 0 0
0 0 0 1 1 1 0 0 0
0 0 0 0 0 0 1 1 1

3 1 9
3 3 3
2 2 0 -5 -3 -1 3 -1 2
3 3 3 1
0 1 2 0 2 1 0 1 2
1 1 1 0 0 0 0 0 0
0 0 0 1 1 1 0 0 0
0 0 0 0 0 0 1 1 1

3 1 9
3 3 3
-2 -3 -1 -1 -2 -2 1 5 -4
27 10 13 6
1 2 0 2 0 1 1 0 2
1 1 1 0 0 0 0 0 0
0 0 0 1 1 1 0 0 0
0 0 0 0 0 0 1 1 1

3 1 9
3 3 3
-3 0 1 -5 0 5 0 1 4
29 9 10 5
1 2 0 2 0 1 2 1 0
1 1 1 0 0 0 0 0 0
0 0 0 1 1 1 0 0 0
0 0 0 0 0 0 1 1 1

