100
4 1 15
4 4 3 4
-6 -4 -9 3 -1 7 -4 5 4 -2 -7 1 7 -7 -10
163 31 56 22 36
1 2 1 1 2 1 0 2 2 2 2 2 2 0 0
1 1 1 1 0 0 0 0 0 0 0 0 0 0 0
0 0 0 0 1 1 1 1 0 0 0 0 0 0 0
0 0 0 0 0 0 0 0 1 1 1 0 0 0 0
0 0 0 0 0 0 0 0 0 0 0 1 1 1 1

4 1 22
4 3 8 7
5 3 -2 7 -8 6 8 -4 -5 -6 -10 -7 5 3 4 -8 -8 5 8 -4 -1 0
318 -1 45 93 77
2 0 0 2 1 1 1 2 0 1 0 2 1 1 1 1 2 2 0 2 2 1
1 1 1 1 0 0 0 0 0 0 0 0 0 0 0 0 0 0 0 0 0 0
0 0 0 0 1 1 1 0 0 0 0 0 0 0 0 0 0 0 0 0 0 0
0 0 0 0 0 0 0 1 1 1 1 1 1 1 1 0 0 0 0 0 0 0
0 0 0 0 0 0 0 0 0 0 0 0 0 0 0 1 1 1 1 1 1 1

4 1 26
3 8 8 7
7 -2 4 -5 6 2 -5 -10 4 1 -4 7 3 -5 9 4 7 5 9 8 3 0 6 -7 -6 -1
172 13 83 -1 65
2 2 2 0 1 2 0 0 2 1 0 0 0 0 0 1 1 1 0 1 2 2 1 0 2 0
1 1 1 0 0 0 0 0 0 0 0 0 0 0 0 0 0 0 0 0 0 0 0 0 0 0
0 0 0 1 1 1 1 1 1 1 1 0 0 0 0 0 0 0 0 0 0 0 0 0 0 0
0 0 0 0 0 0 0 0 0 0 0 1 1 1 1 1 1 1 1 0 0 0 0 0 0 0
0 0 0 0 0 0 0 0 0 0 0 0 0 0 0 0 0 0 0 1 1 1 1 1 1 1

4 1 24
8 4 5 7
2 3 -8 -7 -4 4 2 5 -10 -9 6 -9 2 5 -6 9 4 -10 -5 -5 10 8 1 -1
220 77 24 57 57
2 0 2 1 2 0 2 0 2 0 1 0 1 2 0 2 1 2 0 2 0 0 1 1
1 1 1 1 1 1 1 1 0 0 0 0 0 0 0 0 0 0 0 0 0 0 0 0
0 0 0 0 0 0 0 0 1 1 1 1 0 0 0 0 0 0 0 0 0 0 0 0
0 0 0 0 0 0 0 0 0 0 0 0 1 1 1 1 1 0 0 0 0 0 0 0
0 0 0 0 0 0 0 0 0 0 0 0 0 0 0 0 0 1 1 1 1 1 1 1

4 1 20
3 4 7 6
-6 7 -4 -8 -1 0 -8 -9 -1 1 9 3 6 0 6 -6 6 4 1 4
245 23 -1 89 65
0 0 2 1 0 2 2 2 0 0 2 1 0 0 2 0 2 0 1 2
1 1 1 0 0 0 0 0 0 0 0 0 0 0 0 0 0 0 0 0
0 0 0 1 1 1 1 0 0 0 0 0 0 0 0 0 0 0 0 0
0 0 0 0 0 0 0 1 1 1 1 1 1 1 0 0 0 0 0 0
0 0 0 0 0 0 0 0 0 0 0 0 0 0 1 1 1 1 1 1

4 1 27
7 6 8 6
5 10 10 -9 7 -4 3 3 4 -4 -9 -3 -9 6 -6 10 5 -8 2 -7 -2 9 2 8 -5 -6 -5
319 76 56 -1 72
1 2 1 1 1 0 1 1 2 2 1 2 1 1 1 0 1 2 2 1 0 2 2 1 0 2 1
1 1 1 1 1 1 1 0 0 0 0 0 0 0 0 0 0 0 0 0 0 0 0 0 0 0 0
0 0 0 0 0 0 0 1 1 1 1 1 1 0 0 0 0 0 0 0 0 0 0 0 0 0 0
0 0 0 0 0 0 0 0 0 0 0 0 0 1 1 1 1 1 1 1 1 0 0 0 0 0 0
0 0 0 0 0 0 0 0 0 0 0 0 0 0 0 0 0 0 0 0 0 1 1 1 1 1 1

4 1 21
5 8 4 4
-8 -6 1 -1 -9 7 -6 3 -4 -5 9 1 5 -7 0 10 -7 -9 8 4 10
216 42 109 49 64
1 0 2 0 1 2 1 0 2 2 0 2 0 0 0 1 0 0 1 1 2
1 1 1 1 1 0 0 0 0 0 0 0 0 0 0 0 0 0 0 0 0
0 0 0 0 0 1 1 1 1 1 1 1 1 0 0 0 0 0 0 0 0
0 0 0 0 0 0 0 0 0 0 0 0 0 1 1 1 1 0 0 0 0
0 0 0 0 0 0 0 0 0 0 0 0 0 0 0 0 0 1 1 1 1

4 1 23
4 7 7 5
10 -5 6 3 0 9 -7 10 -3 -1 8 -5 -6 0 -5 3 9 9 -10 9 4 -2 1
276 50 58 76 72
0 2 0 0 2 1 2 0 2 2 2 1 0 2 0 1 0 0 2 0 2 2 2
1 1 1 1 0 0 0 0 0 0 0 0 0 0 0 0 0 0 0 0 0 0 0
0 0 0 0 1 1 1 1 1 1 1 0 0 0 0 0 0 0 0 0 0 0 0
0 0 0 0 0 0 0 0 0 0 0 1 1 1 1 1 1 1 0 0 0 0 0
0 0 0 0 0 0 0 0 0 0 0 0 0 0 0 0 0 0 1 1 1 1 1

4 1 23
3 7 8 5
4 1 10 8 8 7 -3 0 -6 9 1 -7 0 -10 -10 -4 3 4 -8 -2 -7 9 -2
233 -1 53 86 68
2 1 2 1 0 0 0 2 2 0 0 2 1 2 1 0 1 2 1 1 1 1 0
1 1 1 0 0 0 0 0 0 0 0 0 0 0 0 0 0 0 0 0 0 0 0
0 0 0 1 1 1 1 1 1 1 0 0 0 0 0 0 0 0 0 0 0 0 0
0 0 0 0 0 0 0 0 0 0 1 1 1 1 1 1 1 1 0 0 0 0 0
0 0 0 0 0 0 0 0 0 0 0 0 0 0 0 0 0 0 1 1 1 1 1

4 1 19
3 5 4 7
-3 -4 0 5 5 3 10 6 -4 -6 0 5 -4 0 -2 -1 0 -7 2
156 22 48 19 63
1 2 2 0 1 0 0 0 2 0 0 1 0 0 1 0 2 2 2
1 1 1 0 0 0 0 0 0 0 0 0 0 0 0 0 0 0 0
0 0 0 1 1 1 1 1 0 0 0 0 0 0 0 0 0 0 0
0 0 0 0 0 0 0 0 1 1 1 1 0 0 0 0 0 0 0
0 0 0 0 0 0 0 0 0 0 0 0 1 1 1 1 1 1 1

4 1 21
3 7 6 5
-9 3 1 0 -7 -3 -9 10 2 -1 2 4 -2 3 -5 -3 4 -3 2 -2 6
229 31 68 48 58
0 0 1 0 2 1 1 2 1 1 1 0 0 2 2 2 2 1 1 2 2
1 1 1 0 0 0 0 0 0 0 0 0 0 0 0 0 0 0 0 0 0
0 0 0 1 1 1 1 1 1 1 0 0 0 0 0 0 0 0 0 0 0
0 0 0 0 0 0 0 0 0 0 1 1 1 1 1 1 0 0 0 0 0
0 0 0 0 0 0 0 0 0 0 0 0 0 0 0 0 1 1 1 1 1

4 1 21
5 4 8 4
-8 -9 -2 3 -1 3 1 9 2 5 -2 6 5 -4 5 -2 -3 7 -1 7 -9
188 18 19 93 19
1 0 0 1 2 1 2 2 2 0 1 2 2 1 2 2 1 2 2 2 1
1 1 1 1 1 0 0 0 0 0 0 0 0 0 0 0 0 0 0 0 0
0 0 0 0 0 1 1 1 1 0 0 0 0 0 0 0 0 0 0 0 0
0 0 0 0 0 0 0 0 0 1 1 1 1 1 1 1 1 0 0 0 0
0 0 0 0 0 0 0 0 0 0 0 0 0 0 0 0 0 1 1 1 1

4 1 24
7 8 6 3
-7 5 0 0 4 -2 9 -2 8 7 2 10 -2 8 -10 -7 -2 6 -6 5 2 9 -8 7
225 65 67 -1 18
1 1 1 0 1 2 1 2 1 2 0 2 1 0 0 1 0 0 2 0 1 2 2 1
1 1 1 1 1 1 1 0 0 0 0 0 0 0 0 0 0 0 0 0 0 0 0 0
0 0 0 0 0 0 0 1 1 1 1 1 1 1 1 0 0 0 0 0 0 0 0 0
0 0 0 0 0 0 0 0 0 0 0 0 0 0 0 1 1 1 1 1 1 0 0 0
0 0 0 0 0 0 0 0 0 0 0 0 0 0 0 0 0 0 0 0 0 1 1 1

4 1 20
3 3 7 7
6 -7 -2 -3 4 8 7 7 -8 -3 -10 -5 4 -7 -1 -7 2 -10 10 7
192 36 26 71 -1
0 0 0 2 2 1 1 2 0 2 2 0 1 2 2 0 1 0 1 1
1 1 1 0 0 0 0 0 0 0 0 0 0 0 0 0 0 0 0 0
0 0 0 1 1 1 0 0 0 0 0 0 0 0 0 0 0 0 0 0
0 0 0 0 0 0 1 1 1 1 1 1 1 0 0 0 0 0 0 0
0 0 0 0 0 0 0 0 0 0 0 0 0 1 1 1 1 1 1 1

4 1 26
7 8 4 7
1 -1 3 -1 -8 -2 6 -10 8 1 -6 7 4 1 -7 5 -3 3 7 8 -9 -1 7 -7 -4 -9
225 -1 87 17 67
1 2 2 1 2 0 0 1 2 0 1 0 0 1 0 1 0 2 0 2 0 2 2 0 1 1
1 1 1 1 1 1 1 0 0 0 0 0 0 0 0 0 0 0 0 0 0 0 0 0 0 0
0 0 0 0 0 0 0 1 1 1 1 1 1 1 1 0 0 0 0 0 0 0 0 0 0 0
0 0 0 0 0 0 0 0 0 0 0 0 0 0 0 1 1 1 1 0 0 0 0 0 0 0
0 0 0 0 0 0 0 0 0 0 0 0 0 0 0 0 0 0 0 1 1 1 1 1 1 1

4 1 26
8 5 5 8
-5 2 -3 -2 -2 1 -3 -7 -8 0 1 10 5 -6 10 -4 -8 10 9 -6 0 -10 6 -9 -4 7
137 75 -1 33 60
0 2 2 1 1 0 1 0 2 0 0 0 1 1 0 0 1 1 0 1 2 0 1 0 1 0
1 1 1 1 1 1 1 1 0 0 0 0 0 0 0 0 0 0 0 0 0 0 0 0 0 0
0 0 0 0 0 0 0 0 1 1 1 1 1 0 0 0 0 0 0 0 0 0 0 0 0 0
0 0 0 0 0 0 0 0 0 0 0 0 0 1 1 1 1 1 0 0 0 0 0 0 0 0
0 0 0 0 0 0 0 0 0 0 0 0 0 0 0 0 0 0 1 1 1 1 1 1 1 1

4 1 23
6 7 6 4
5 -10 -2 -1 -7 6 3 6 -2 -1 -8 -8 -5 -6 -6 8 9 -6 -5 9 3 5 4
141 66 94 94 -1
0 0 0 2 0 2 0 0 0 0 2 1 1 0 0 0 2 0 0 1 1 0 1
1 1 1 1 1 1 0 0 0 0 0 0 0 0 0 0 0 0 0 0 0 0 0
0 0 0 0 0 0 1 1 1 1 1 1 1 0 0 0 0 0 0 0 0 0 0
0 0 0 0 0 0 0 0 0 0 0 0 0 1 1 1 1 1 1 0 0 0 0
0 0 0 0 0 0 0 0 0 0 0 0 0 0 0 0 0 0 0 1 1 1 1

4 1 17
5 3 4 5
-10 -7 3 5 0 2 6 5 4 -9 3 5 -1 -10 2 -1 8
240 59 26 37 56
2 2 1 0 2 1 1 2 0 2 2 0 0 1 1 2 2
1 1 1 1 1 0 0 0 0 0 0 0 0 0 0 0 0
0 0 0 0 0 1 1 1 0 0 0 0 0 0 0 0 0
0 0 0 0 0 0 0 0 1 1 1 1 0 0 0 0 0
0 0 0 0 0 0 0 0 0 0 0 0 1 1 1 1 1

4 1 22
5 5 5 7
8 -6 0 0 -9 0 -8 0 -3 5 6 10 8 6 2 -5 -3 -9 -9 0 -7 -6
139 44 53 54 54
0 0 2 2 0 0 0 1 0 0 0 2 0 2 0 2 2 1 0 2 1 1
1 1 1 1 1 0 0 0 0 0 0 0 0 0 0 0 0 0 0 0 0 0
0 0 0 0 0 1 1 1 1 1 0 0 0 0 0 0 0 0 0 0 0 0
0 0 0 0 0 0 0 0 0 0 1 1 1 1 1 0 0 0 0 0 0 0
0 0 0 0 0 0 0 0 0 0 0 0 0 0 0 1 1 1 1 1 1 1

4 1 21
3 6 4 8
-8 -8 -10 5 3 -2 7 10 9 -4 0 8 3 10 -6 -8 -2 9 1 -6 2
265 -1 56 29 128
0 1 1 1 1 0 2 0 2 2 0 0 2 0 1 1 2 1 1 1 2
1 1 1 0 0 0 0 0 0 0 0 0 0 0 0 0 0 0 0 0 0
0 0 0 1 1 1 1 1 1 0 0 0 0 0 0 0 0 0 0 0 0
0 0 0 0 0 0 0 0 0 1 1 1 1 0 0 0 0 0 0 0 0
0 0 0 0 0 0 0 0 0 0 0 0 0 1 1 1 1 1 1 1 1

4 1 16
4 5 3 4
-1 -4 -7 4 10 -10 -9 1 -7 3 -1 1 9 9 -6 6
150 25 -1 23 53
2 1 0 1 2 1 0 2 2 2 0 1 1 2 0 0
1 1 1 1 0 0 0 0 0 0 0 0 0 0 0 0
0 0 0 0 1 1 1 1 1 0 0 0 0 0 0 0
0 0 0 0 0 0 0 0 0 1 1 1 0 0 0 0
0 0 0 0 0 0 0 0 0 0 0 0 1 1 1 1

4 1 27
6 7 6 8
-5 -7 -1 -8 2 -7 -5 0 5 -3 -8 -2 4 4 2 2 9 3 -9 4 -8 2 2 3 -6 10 10
311 -1 88 77 72
1 1 1 2 2 0 1 2 2 2 2 0 2 0 0 1 1 1 1 1 1 0 1 2 1 0 0
1 1 1 1 1 1 0 0 0 0 0 0 0 0 0 0 0 0 0 0 0 0 0 0 0 0 0
0 0 0 0 0 0 1 1 1 1 1 1 1 0 0 0 0 0 0 0 0 0 0 0 0 0 0
0 0 0 0 0 0 0 0 0 0 0 0 0 1 1 1 1 1 1 0 0 0 0 0 0 0 0
0 0 0 0 0 0 0 0 0 0 0 0 0 0 0 0 0 0 0 1 1 1 1 1 1 1 1

4 1 22
8 8 3 3
2 -6 -4 5 -6 -4 4 10 -6 -1 -7 8 0 -6 -6 1 -6 10 -2 4 -1 2
261 59 68 41 37
0 2 2 2 1 2 1 2 0 2 2 2 1 0 1 1 1 2 1 2 1 1
1 1 1 1 1 1 1 1 0 0 0 0 0 0 0 0 0 0 0 0 0 0
0 0 0 0 0 0 0 0 1 1 1 1 1 1 1 1 0 0 0 0 0 0
0 0 0 0 0 0 0 0 0 0 0 0 0 0 0 0 1 1 1 0 0 0
0 0 0 0 0 0 0 0 0 0 0 0 0 0 0 0 0 0 0 1 1 1

4 1 22
4 7 7 4
2 -2 3 2 1 10 -4 9 2 -8 -4 -8 -2 6 0 -7 -1 -1 10 3 -8 2
167 30 -1 46 44
0 0 0 2 1 0 2 0 2 2 1 0 0 0 1 0 1 0 2 0 1 0
1 1 1 1 0 0 0 0 0 0 0 0 0 0 0 0 0 0 0 0 0 0
0 0 0 0 1 1 1 1 1 1 1 0 0 0 0 0 0 0 0 0 0 0
0 0 0 0 0 0 0 0 0 0 0 1 1 1 1 1 1 1 0 0 0 0
0 0 0 0 0 0 0 0 0 0 0 0 0 0 0 0 0 0 1 1 1 1

4 1 22
8 3 8 3
-1 4 -5 -3 3 -1 3 -10 4 -7 -9 5 -3 -8 -7 7 1 -9 6 -7 -3 -1
163 77 -1 98 25
1 0 1 1 0 1 0 0 2 0 0 2 2 2 1 1 0 0 0 0 1 1
1 1 1 1 1 1 1 1 0 0 0 0 0 0 0 0 0 0 0 0 0 0
0 0 0 0 0 0 0 0 1 1 1 0 0 0 0 0 0 0 0 0 0 0
0 0 0 0 0 0 0 0 0 0 0 1 1 1 1 1 1 1 1 0 0 0
0 0 0 0 0 0 0 0 0 0 0 0 0 0 0 0 0 0 0 1 1 1

4 1 22
5 7 7 3
-1 -10 -5 1 -6 5 -5 5 3 -8 2 -2 4 4 -3 2 8 5 -10 6 8 -8
155 23 75 72 30
1 0 0 2 0 2 2 1 0 2 0 0 0 1 1 0 0 1 0 0 1 2
1 1 1 1 1 0 0 0 0 0 0 0 0 0 0 0 0 0 0 0 0 0
0 0 0 0 0 1 1 1 1 1 1 1 0 0 0 0 0 0 0 0 0 0
0 0 0 0 0 0 0 0 0 0 0 0 1 1 1 1 1 1 1 0 0 0
0 0 0 0 0 0 0 0 0 0 0 0 0 0 0 0 0 0 0 1 1 1

4 1 15
4 3 5 3
2 6 8 7 -3 0 -5 -8 5 4 2 -1 -9 -6 -6
138 -1 31 45 10
1 0 1 0 2 0 2 2 2 0 2 2 0 0 0
1 1 1 1 0 0 0 0 0 0 0 0 0 0 0
0 0 0 0 1 1 1 0 0 0 0 0 0 0 0
0 0 0 0 0 0 0 1 1 1 1 1 0 0 0
0 0 0 0 0 0 0 0 0 0 0 0 1 1 1

4 1 19
3 4 5 7
9 -10 -7 6 -6 4 -4 -4 -3 -8 4 8 -4 5 -8 10 7 3 2
106 29 35 -1 31
1 2 0 1 1 1 0 0 0 1 0 1 0 2 0 1 1 1 2
1 1 1 0 0 0 0 0 0 0 0 0 0 0 0 0 0 0 0
0 0 0 1 1 1 1 0 0 0 0 0 0 0 0 0 0 0 0
0 0 0 0 0 0 0 1 1 1 1 1 0 0 0 0 0 0 0
0 0 0 0 0 0 0 0 0 0 0 0 1 1 1 1 1 1 1

4 1 19
3 5 5 6
-10 -1 8 -8 4 -3 -2 -9 -9 -2 0 5 -3 -7 2 5 10 -3 3
74 29 -1 50 72
0 1 1 0 2 1 2 0 0 1 2 0 1 0 1 0 0 0 0
1 1 1 0 0 0 0 0 0 0 0 0 0 0 0 0 0 0 0
0 0 0 1 1 1 1 1 0 0 0 0 0 0 0 0 0 0 0
0 0 0 0 0 0 0 0 1 1 1 1 1 0 0 0 0 0 0
0 0 0 0 0 0 0 0 0 0 0 0 0 1 1 1 1 1 1

4 1 26
8 5 7 6
8 -3 3 6 -8 -10 4 -6 -9 -1 4 3 3 10 3 6 2 1 1 6 -4 -2 -3 -3 4 -4
282 67 64 68 49
2 2 0 2 0 1 1 2 1 2 1 1 0 2 0 1 1 2 2 2 1 2 1 0 1 0
1 1 1 1 1 1 1 1 0 0 0 0 0 0 0 0 0 0 0 0 0 0 0 0 0 0
0 0 0 0 0 0 0 0 1 1 1 1 1 0 0 0 0 0 0 0 0 0 0 0 0 0
0 0 0 0 0 0 0 0 0 0 0 0 0 1 1 1 1 1 1 1 0 0 0 0 0 0
0 0 0 0 0 0 0 0 0 0 0 0 0 0 0 0 0 0 0 0 1 1 1 1 1 1

4 1 17
7 3 4 3
-10 -9 -2 3 6 -1 -10 -9 0 5 -1 9 2 3 -9 7 -2
174 -1 31 39 27
2 0 1 0 0 2 1 0 2 2 0 2 0 2 1 0 2
1 1 1 1 1 1 1 0 0 0 0 0 0 0 0 0 0
0 0 0 0 0 0 0 1 1 1 0 0 0 0 0 0 0
0 0 0 0 0 0 0 0 0 0 1 1 1 1 0 0 0
0 0 0 0 0 0 0 0 0 0 0 0 0 0 1 1 1

4 1 16
6 3 4 3
-9 -7 -10 2 6 -10 -6 -1 9 6 0 -3 7 3 -10 7
124 41 -1 43 49
0 2 1 0 0 0 1 0 0 2 2 1 1 2 1 0
1 1 1 1 1 1 0 0 0 0 0 0 0 0 0 0
0 0 0 0 0 0 1 1 1 0 0 0 0 0 0 0
0 0 0 0 0 0 0 0 0 1 1 1 1 0 0 0
0 0 0 0 0 0 0 0 0 0 0 0 0 1 1 1

4 1 29
8 7 7 7
-1 6 -5 4 -4 -10 7 2 8 6 -1 -7 2 7 -4 2 4 -4 -8 7 4 -9 -10 1 7 -9 4 -7 10
307 102 61 66 -1
2 0 0 2 2 0 0 2 2 0 2 1 2 1 2 1 2 0 0 1 2 0 0 2 0 1 0 0 2
1 1 1 1 1 1 1 1 0 0 0 0 0 0 0 0 0 0 0 0 0 0 0 0 0 0 0 0 0
0 0 0 0 0 0 0 0 1 1 1 1 1 1 1 0 0 0 0 0 0 0 0 0 0 0 0 0 0
0 0 0 0 0 0 0 0 0 0 0 0 0 0 0 1 1 1 1 1 1 1 0 0 0 0 0 0 0
0 0 0 0 0 0 0 0 0 0 0 0 0 0 0 0 0 0 0 0 0 0 1 1 1 1 1 1 1

4 1 14
4 3 3 4
-7 5 -5 3 -8 6 -10 4 -6 -4 -4 7 -8 -6
86 35 33 -1 39
0 1 0 0 1 0 2 0 0 0 1 2 0 2
1 1 1 1 0 0 0 0 0 0 0 0 0 0
0 0 0 0 1 1 1 0 0 0 0 0 0 0
0 0 0 0 0 0 0 1 1 1 0 0 0 0
0 0 0 0 0 0 0 0 0 0 1 1 1 1

4 1 17
6 4 3 4
-8 9 -6 8 -2 -7 -3 5 10 -6 -4 1 7 7 -7 5 -8
182 73 -1 37 19
1 2 2 2 0 1 1 1 2 0 1 1 1 2 1 1 0
1 1 1 1 1 1 0 0 0 0 0 0 0 0 0 0 0
0 0 0 0 0 0 1 1 1 1 0 0 0 0 0 0 0
0 0 0 0 0 0 0 0 0 0 1 1 1 0 0 0 0
0 0 0 0 0 0 0 0 0 0 0 0 0 1 1 1 1

4 1 20
4 5 4 7
7 -6 3 -2 0 6 9 -7 3 -8 3 5 2 -3 -4 -3 -7 -5 3 9
192 53 -1 43 88
0 0 2 2 0 1 2 2 1 0 1 1 1 1 0 0 1 1 1 2
1 1 1 1 0 0 0 0 0 0 0 0 0 0 0 0 0 0 0 0
0 0 0 0 1 1 1 1 1 0 0 0 0 0 0 0 0 0 0 0
0 0 0 0 0 0 0 0 0 1 1 1 1 0 0 0 0 0 0 0
0 0 0 0 0 0 0 0 0 0 0 0 0 1 1 1 1 1 1 1

4 1 27
5 7 7 8
3 0 -2 9 2 -5 -6 1 -6 9 -10 -6 7 -10 -5 10 8 -1 -6 5 -10 -8 9 1 -5 0 7
337 78 102 75 90
2 0 1 2 2 0 2 0 0 2 0 1 0 0 2 1 1 0 2 1 0 1 0 0 2 1 1
1 1 1 1 1 0 0 0 0 0 0 0 0 0 0 0 0 0 0 0 0 0 0 0 0 0 0
0 0 0 0 0 1 1 1 1 1 1 1 0 0 0 0 0 0 0 0 0 0 0 0 0 0 0
0 0 0 0 0 0 0 0 0 0 0 0 1 1 1 1 1 1 1 0 0 0 0 0 0 0 0
0 0 0 0 0 0 0 0 0 0 0 0 0 0 0 0 0 0 0 1 1 1 1 1 1 1 1

4 1 21
4 3 8 6
3 2 6 5 -7 -4 9 4 -5 -9 7 3 10 0 0 6 -9 8 -6 0 0
216 41 30 85 -1
1 0 0 2 0 0 1 0 2 1 2 1 2 1 0 0 0 2 2 2 2
1 1 1 1 0 0 0 0 0 0 0 0 0 0 0 0 0 0 0 0 0
0 0 0 0 1 1 1 0 0 0 0 0 0 0 0 0 0 0 0 0 0
0 0 0 0 0 0 0 1 1 1 1 1 1 1 1 0 0 0 0 0 0
0 0 0 0 0 0 0 0 0 0 0 0 0 0 0 1 1 1 1 1 1

4 1 26
4 6 8 8
-7 4 4 0 -2 -2 -8 -7 -5 -5 6 -10 -2 -2 6 -9 -8 -6 0 -4 3 5 3 -6 7 -9
229 37 41 -1 62
2 0 0 1 0 0 1 1 0 1 1 1 0 2 2 0 1 1 1 2 0 2 0 1 2 2
1 1 1 1 0 0 0 0 0 0 0 0 0 0 0 0 0 0 0 0 0 0 0 0 0 0
0 0 0 0 1 1 1 1 1 1 0 0 0 0 0 0 0 0 0 0 0 0 0 0 0 0
0 0 0 0 0 0 0 0 0 0 1 1 1 1 1 1 1 1 0 0 0 0 0 0 0 0
0 0 0 0 0 0 0 0 0 0 0 0 0 0 0 0 0 0 1 1 1 1 1 1 1 1

4 1 24
7 5 6 6
2 3 3 -3 -5 3 7 3 7 -10 -2 10 -9 -2 -10 6 5 10 -1 -1 2 -5 6 3
335 91 52 56 -1
2 0 1 1 2 1 2 1 1 2 0 1 2 1 2 0 2 2 1 1 2 1 0 1
1 1 1 1 1 1 1 0 0 0 0 0 0 0 0 0 0 0 0 0 0 0 0 0
0 0 0 0 0 0 0 1 1 1 1 1 0 0 0 0 0 0 0 0 0 0 0 0
0 0 0 0 0 0 0 0 0 0 0 0 1 1 1 1 1 1 0 0 0 0 0 0
0 0 0 0 0 0 0 0 0 0 0 0 0 0 0 0 0 0 1 1 1 1 1 1

4 1 15
3 5 4 3
-4 -5 3 7 6 -3 -2 3 3 -6 -1 -10 7 -3 6
173 35 72 24 24
1 0 1 2 2 0 0 2 2 1 2 0 1 1 0
1 1 1 0 0 0 0 0 0 0 0 0 0 0 0
0 0 0 1 1 1 1 1 0 0 0 0 0 0 0
0 0 0 0 0 0 0 0 1 1 1 1 0 0 0
0 0 0 0 0 0 0 0 0 0 0 0 1 1 1

4 1 19
6 4 4 5
4 -3 0 -3 -1 -1 -6 -10 8 -8 -7 -10 -1 4 5 7 -9 4 10
230 68 46 31 45
2 2 1 2 1 2 0 0 2 1 1 0 1 2 2 2 0 1 1
1 1 1 1 1 1 0 0 0 0 0 0 0 0 0 0 0 0 0
0 0 0 0 0 0 1 1 1 1 0 0 0 0 0 0 0 0 0
0 0 0 0 0 0 0 0 0 0 1 1 1 1 0 0 0 0 0
0 0 0 0 0 0 0 0 0 0 0 0 0 0 1 1 1 1 1

4 1 21
5 7 3 6
4 -10 -1 3 -4 2 -7 -5 0 3 -3 -3 7 -8 -9 -6 -6 10 6 -2 2
221 -1 98 37 44
0 2 0 1 1 0 1 0 2 1 2 2 1 1 1 1 0 1 2 0 0
1 1 1 1 1 0 0 0 0 0 0 0 0 0 0 0 0 0 0 0 0
0 0 0 0 0 1 1 1 1 1 1 1 0 0 0 0 0 0 0 0 0
0 0 0 0 0 0 0 0 0 0 0 0 1 1 1 0 0 0 0 0 0
0 0 0 0 0 0 0 0 0 0 0 0 0 0 0 1 1 1 1 1 1

4 1 17
3 5 3 6
-8 10 1 6 7 -6 -8 3 -10 -4 -5 3 -9 9 -9 -6 -6
215 34 61 23 61
2 2 1 1 0 2 1 2 1 1 1 1 2 1 0 0 1
1 1 1 0 0 0 0 0 0 0 0 0 0 0 0 0 0
0 0 0 1 1 1 1 1 0 0 0 0 0 0 0 0 0
0 0 0 0 0 0 0 0 1 1 1 0 0 0 0 0 0
0 0 0 0 0 0 0 0 0 0 0 1 1 1 1 1 1

4 1 22
4 5 5 8
8 -3 -9 -5 9 -6 9 -9 10 -3 0 0 7 -10 0 10 -10 6 -4 3 10 2
269 61 58 42 76
2 0 2 2 1 1 0 2 2 1 1 2 0 1 2 1 2 1 0 2 1 2
1 1 1 1 0 0 0 0 0 0 0 0 0 0 0 0 0 0 0 0 0 0
0 0 0 0 1 1 1 1 1 0 0 0 0 0 0 0 0 0 0 0 0 0
0 0 0 0 0 0 0 0 0 1 1 1 1 1 0 0 0 0 0 0 0 0
0 0 0 0 0 0 0 0 0 0 0 0 0 0 1 1 1 1 1 1 1 1

4 1 19
4 7 4 4
-4 -4 9 8 7 0 -1 -7 9 3 4 -7 -3 9 6 8 -10 0 -6
207 47 83 44 49
1 1 1 2 1 1 2 0 0 2 0 2 0 0 0 2 2 1 0
1 1 1 1 0 0 0 0 0 0 0 0 0 0 0 0 0 0 0
0 0 0 0 1 1 1 1 1 1 1 0 0 0 0 0 0 0 0
0 0 0 0 0 0 0 0 0 0 0 1 1 1 1 0 0 0 0
0 0 0 0 0 0 0 0 0 0 0 0 0 0 0 1 1 1 1

4 1 18
4 4 4 6
10 0 0 0 8 0 9 4 -1 2 10 0 8 -8 2 10 -9 -6
108 -1 3 41 56
1 0 1 1 2 1 0 1 2 1 1 1 0 0 2 1 1 0
1 1 1 1 0 0 0 0 0 0 0 0 0 0 0 0 0 0
0 0 0 0 1 1 1 1 0 0 0 0 0 0 0 0 0 0
0 0 0 0 0 0 0 0 1 1 1 1 0 0 0 0 0 0
0 0 0 0 0 0 0 0 0 0 0 0 1 1 1 1 1 1

4 1 26
5 8 6 7
-10 -3 9 -6 -4 5 -8 2 10 -10 -1 5 4 9 -4 5 6 10 8 -6 -5 -1 -3 5 10 2
318 56 116 52 -1
1 1 0 0 1 2 0 2 1 1 0 1 2 2 0 1 2 0 1 2 0 2 0 2 2 0
1 1 1 1 1 0 0 0 0 0 0 0 0 0 0 0 0 0 0 0 0 0 0 0 0 0
0 0 0 0 0 1 1 1 1 1 1 1 1 0 0 0 0 0 0 0 0 0 0 0 0 0
0 0 0 0 0 0 0 0 0 0 0 0 0 1 1 1 1 1 1 0 0 0 0 0 0 0
0 0 0 0 0 0 0 0 0 0 0 0 0 0 0 0 0 0 0 1 1 1 1 1 1 1

4 1 22
5 6 8 3
4 -10 -9 -4 6 1 10 7 -5 2 3 1 -5 -3 -6 -8 1 7 10 4 10 -10
210 41 65 61 32
1 1 0 1 1 2 0 2 1 2 0 1 2 1 1 0 0 1 0 0 1 2
1 1 1 1 1 0 0 0 0 0 0 0 0 0 0 0 0 0 0 0 0 0
0 0 0 0 0 1 1 1 1 1 1 0 0 0 0 0 0 0 0 0 0 0
0 0 0 0 0 0 0 0 0 0 0 1 1 1 1 1 1 1 1 0 0 0
0 0 0 0 0 0 0 0 0 0 0 0 0 0 0 0 0 0 0 1 1 1

4 1 18
5 5 3 5
10 3 9 -7 4 -6 -8 8 7 -9 -9 -10 10 -4 6 4 -3 -5
237 72 72 42 -1
2 2 0 2 1 1 2 0 0 2 2 0 2 1 0 0 0 2
1 1 1 1 1 0 0 0 0 0 0 0 0 0 0 0 0 0
0 0 0 0 0 1 1 1 1 1 0 0 0 0 0 0 0 0
0 0 0 0 0 0 0 0 0 0 1 1 1 0 0 0 0 0
0 0 0 0 0 0 0 0 0 0 0 0 0 1 1 1 1 1

4 1 29
8 8 7 6
-6 -1 -4 -6 -4 -4 -4 -7 5 -3 3 -1 -1 2 8 8 9 8 -6 -3 9 6 -9 9 -2 1 0 -4 7
229 45 84 -1 78
2 2 0 1 0 2 0 2 2 0 1 0 1 2 0 2 0 2 1 0 0 0 0 2 1 1 0 1 2
1 1 1 1 1 1 1 1 0 0 0 0 0 0 0 0 0 0 0 0 0 0 0 0 0 0 0 0 0
0 0 0 0 0 0 0 0 1 1 1 1 1 1 1 1 0 0 0 0 0 0 0 0 0 0 0 0 0
0 0 0 0 0 0 0 0 0 0 0 0 0 0 0 0 1 1 1 1 1 1 1 0 0 0 0 0 0
0 0 0 0 0 0 0 0 0 0 0 0 0 0 0 0 0 0 0 0 0 0 0 1 1 1 1 1 1

4 1 23
4 6 6 7
-1 1 -2 8 10 8 0 1 10 -7 4 -2 -8 1 9 6 4 7 -9 3 2 5 -4
140 10 -1 54 49
0 1 2 2 2 0 0 0 2 0 2 0 2 0 2 0 2 0 1 2 2 2 0
1 1 1 1 0 0 0 0 0 0 0 0 0 0 0 0 0 0 0 0 0 0 0
0 0 0 0 1 1 1 1 1 1 0 0 0 0 0 0 0 0 0 0 0 0 0
0 0 0 0 0 0 0 0 0 0 1 1 1 1 1 1 0 0 0 0 0 0 0
0 0 0 0 0 0 0 0 0 0 0 0 0 0 0 0 1 1 1 1 1 1 1

4 1 23
7 3 8 5
4 5 2 -8 4 2 -1 4 -5 7 5 -8 0 7 -9 -3 10 -10 -7 -7 -10 -3 7
300 69 26 75 70
2 2 1 2 0 1 2 1 2 2 2 2 2 1 2 0 0 1 0 1 0 1 0
1 1 1 1 1 1 1 0 0 0 0 0 0 0 0 0 0 0 0 0 0 0 0
0 0 0 0 0 0 0 1 1 1 0 0 0 0 0 0 0 0 0 0 0 0 0
0 0 0 0 0 0 0 0 0 0 1 1 1 1 1 1 1 1 0 0 0 0 0
0 0 0 0 0 0 0 0 0 0 0 0 0 0 0 0 0 0 1 1 1 1 1

4 1 24
4 8 5 7
-2 8 2 1 3 -7 -10 9 -4 3 -1 3 -10 1 5 -5 2 -2 4 1 -3 -1 6 8
140 47 44 28 70
1 0 0 2 2 1 0 1 1 0 0 2 2 1 0 2 0 1 2 0 0 1 1 0
1 1 1 1 0 0 0 0 0 0 0 0 0 0 0 0 0 0 0 0 0 0 0 0
0 0 0 0 1 1 1 1 1 1 1 1 0 0 0 0 0 0 0 0 0 0 0 0
0 0 0 0 0 0 0 0 0 0 0 0 1 1 1 1 1 0 0 0 0 0 0 0
0 0 0 0 0 0 0 0 0 0 0 0 0 0 0 0 0 1 1 1 1 1 1 1

4 1 25
5 5 8 7
9 4 -7 -4 1 3 8 8 -1 -5 4 -3 -9 8 -3 10 9 -4 2 2 7 1 -4 4 3
277 30 62 65 86
0 2 0 1 0 2 1 2 2 1 0 0 2 0 0 1 0 2 1 0 2 2 0 1 2
1 1 1 1 1 0 0 0 0 0 0 0 0 0 0 0 0 0 0 0 0 0 0 0 0
0 0 0 0 0 1 1 1 1 1 0 0 0 0 0 0 0 0 0 0 0 0 0 0 0
0 0 0 0 0 0 0 0 0 0 1 1 1 1 1 1 1 1 0 0 0 0 0 0 0
0 0 0 0 0 0 0 0 0 0 0 0 0 0 0 0 0 0 1 1 1 1 1 1 1

4 1 21
6 7 3 5
6 4 2 2 4 6 9 -9 -3 8 9 3 -6 6 -5 1 8 -9 3 -10 -5
204 66 88 36 48
0 0 1 2 0 1 0 1 2 1 2 1 1 1 2 2 0 2 1 0 1
1 1 1 1 1 1 0 0 0 0 0 0 0 0 0 0 0 0 0 0 0
0 0 0 0 0 0 1 1 1 1 1 1 1 0 0 0 0 0 0 0 0
0 0 0 0 0 0 0 0 0 0 0 0 0 1 1 1 0 0 0 0 0
0 0 0 0 0 0 0 0 0 0 0 0 0 0 0 0 1 1 1 1 1

4 1 17
3 4 6 4
-8 5 -1 -1 1 -2 -5 6 -5 10 4 -9 3 -6 -1 -5 6
208 38 -1 44 35
1 1 2 1 2 1 2 2 1 1 1 2 1 2 0 2 0
1 1 1 0 0 0 0 0 0 0 0 0 0 0 0 0 0
0 0 0 1 1 1 1 0 0 0 0 0 0 0 0 0 0
0 0 0 0 0 0 0 1 1 1 1 1 1 0 0 0 0
0 0 0 0 0 0 0 0 0 0 0 0 0 1 1 1 1

4 1 26
4 7 7 8
6 -3 10 -5 -9 -4 -5 -1 -3 4 8 0 1 -6 9 -10 -1 -3 1 -2 8 10 2 6 4 7
240 29 70 86 100
1 2 0 2 0 2 0 2 0 0 0 2 2 1 1 1 2 2 0 1 0 0 0 1 2 0
1 1 1 1 0 0 0 0 0 0 0 0 0 0 0 0 0 0 0 0 0 0 0 0 0 0
0 0 0 0 1 1 1 1 1 1 1 0 0 0 0 0 0 0 0 0 0 0 0 0 0 0
0 0 0 0 0 0 0 0 0 0 0 1 1 1 1 1 1 1 0 0 0 0 0 0 0 0
0 0 0 0 0 0 0 0 0 0 0 0 0 0 0 0 0 0 1 1 1 1 1 1 1 1

4 1 19
3 5 3 8
10 9 7 -4 9 -9 7 0 -5 3 1 -7 4 -7 9 0 -6 -3 8
208 21 65 47 -1
0 2 1 2 1 1 2 0 1 0 1 0 0 2 0 2 1 2 0
1 1 1 0 0 0 0 0 0 0 0 0 0 0 0 0 0 0 0
0 0 0 1 1 1 1 1 0 0 0 0 0 0 0 0 0 0 0
0 0 0 0 0 0 0 0 1 1 1 0 0 0 0 0 0 0 0
0 0 0 0 0 0 0 0 0 0 0 1 1 1 1 1 1 1 1

4 1 28
8 6 6 8
10 3 -1 10 -4 8 -5 7 1 -10 -3 8 4 10 0 4 -10 -3 -1 -9 -2 -4 -4 -7 0 1 -5 -9
284 80 64 60 99
2 2 1 1 0 0 0 0 1 2 0 0 2 0 2 1 0 2 0 0 2 2 1 2 2 0 2 2
1 1 1 1 1 1 1 1 0 0 0 0 0 0 0 0 0 0 0 0 0 0 0 0 0 0 0 0
0 0 0 0 0 0 0 0 1 1 1 1 1 1 0 0 0 0 0 0 0 0 0 0 0 0 0 0
0 0 0 0 0 0 0 0 0 0 0 0 0 0 1 1 1 1 1 1 0 0 0 0 0 0 0 0
0 0 0 0 0 0 0 0 0 0 0 0 0 0 0 0 0 0 0 0 1 1 1 1 1 1 1 1

4 1 22
6 5 5 6
1 -10 3 2 -5 5 9 -7 1 7 -1 9 -2 3 9 -8 4 -8 -5 -10 6 3
216 69 -1 39 88
0 2 2 1 0 1 0 2 1 1 0 1 0 2 1 1 2 0 2 1 0 0
1 1 1 1 1 1 0 0 0 0 0 0 0 0 0 0 0 0 0 0 0 0
0 0 0 0 0 0 1 1 1 1 1 0 0 0 0 0 0 0 0 0 0 0
0 0 0 0 0 0 0 0 0 0 0 1 1 1 1 1 0 0 0 0 0 0
0 0 0 0 0 0 0 0 0 0 0 0 0 0 0 0 1 1 1 1 1 1

4 1 22
4 3 7 8
9 -7 -1 9 -2 9 5 -6 -5 5 9 8 -1 -8 9 -7 -3 -6 5 -7 8 -3
136 36 13 58 66
0 1 0 1 1 1 2 0 1 1 1 1 1 2 0 1 2 1 0 2 2 0
1 1 1 1 0 0 0 0 0 0 0 0 0 0 0 0 0 0 0 0 0 0
0 0 0 0 1 1 1 0 0 0 0 0 0 0 0 0 0 0 0 0 0 0
0 0 0 0 0 0 0 1 1 1 1 1 1 1 0 0 0 0 0 0 0 0
0 0 0 0 0 0 0 0 0 0 0 0 0 0 1 1 1 1 1 1 1 1

4 1 21
3 3 7 8
2 9 2 6 -8 10 -3 10 -6 -4 10 4 -7 -10 -10 2 -6 4 -2 5 -7
224 23 40 66 93
0 0 1 1 0 2 2 0 1 1 0 1 0 2 0 1 1 0 1 2 1
1 1 1 0 0 0 0 0 0 0 0 0 0 0 0 0 0 0 0 0 0
0 0 0 1 1 1 0 0 0 0 0 0 0 0 0 0 0 0 0 0 0
0 0 0 0 0 0 1 1 1 1 1 1 1 0 0 0 0 0 0 0 0
0 0 0 0 0 0 0 0 0 0 0 0 0 1 1 1 1 1 1 1 1

4 1 16
4 5 3 4
-1 0 9 5 -5 9 -8 5 -9 3 -2 0 10 0 3 3
160 22 57 27 61
2 1 2 1 1 2 1 0 0 1 2 1 2 1 1 1
1 1 1 1 0 0 0 0 0 0 0 0 0 0 0 0
0 0 0 0 1 1 1 1 1 0 0 0 0 0 0 0
0 0 0 0 0 0 0 0 0 1 1 1 0 0 0 0
0 0 0 0 0 0 0 0 0 0 0 0 1 1 1 1

4 1 25
8 7 4 6
-2 5 -1 -4 -4 -4 0 -2 0 -9 8 -3 5 2 -7 7 5 -1 8 10 5 -3 0 -9 0
255 61 74 47 62
1 1 2 1 1 1 2 1 0 1 2 0 1 0 1 2 1 0 2 2 1 0 1 0 2
1 1 1 1 1 1 1 1 0 0 0 0 0 0 0 0 0 0 0 0 0 0 0 0 0
0 0 0 0 0 0 0 0 1 1 1 1 1 1 1 0 0 0 0 0 0 0 0 0 0
0 0 0 0 0 0 0 0 0 0 0 0 0 0 0 1 1 1 1 0 0 0 0 0 0
0 0 0 0 0 0 0 0 0 0 0 0 0 0 0 0 0 0 0 1 1 1 1 1 1

4 1 22
8 5 5 4
5 2 8 7 4 -1 8 8 4 6 -5 -8 -6 6 8 0 1 6 4 -8 -7 -8
216 69 54 39 45
2 2 2 1 0 0 2 0 1 2 2 0 1 1 1 1 2 0 0 2 0 2
1 1 1 1 1 1 1 1 0 0 0 0 0 0 0 0 0 0 0 0 0 0
0 0 0 0 0 0 0 0 1 1 1 1 1 0 0 0 0 0 0 0 0 0
0 0 0 0 0 0 0 0 0 0 0 0 0 1 1 1 1 1 0 0 0 0
0 0 0 0 0 0 0 0 0 0 0 0 0 0 0 0 0 0 1 1 1 1

4 1 22
6 3 5 8
0 9 9 9 0 -2 -10 10 -3 -5 -4 2 -9 -3 -2 -3 -1 2 -1 -8 10 9
192 73 35 52 39
0 1 2 2 1 2 1 0 0 0 1 0 2 1 1 0 2 1 0 1 2 1
1 1 1 1 1 1 0 0 0 0 0 0 0 0 0 0 0 0 0 0 0 0
0 0 0 0 0 0 1 1 1 0 0 0 0 0 0 0 0 0 0 0 0 0
0 0 0 0 0 0 0 0 0 1 1 1 1 1 0 0 0 0 0 0 0 0
0 0 0 0 0 0 0 0 0 0 0 0 0 0 1 1 1 1 1 1 1 1

4 1 20
5 5 4 6
7 3 2 -5 4 4 -5 3 4 8 -6 -4 1 -5 5 2 9 -9 8 -3
199 52 41 31 53
2 0 1 0 2 0 2 2 2 2 1 1 2 1 0 0 0 2 0 2
1 1 1 1 1 0 0 0 0 0 0 0 0 0 0 0 0 0 0 0
0 0 0 0 0 1 1 1 1 1 0 0 0 0 0 0 0 0 0 0
0 0 0 0 0 0 0 0 0 0 1 1 1 1 0 0 0 0 0 0
0 0 0 0 0 0 0 0 0 0 0 0 0 0 1 1 1 1 1 1

4 1 22
6 3 5 8
-3 5 6 2 6 1 -7 0 10 1 9 8 4 -8 -7 -6 -5 3 -9 -10 -7 2
270 74 13 38 84
2 2 1 1 2 2 1 2 1 0 1 0 1 2 2 1 0 1 2 1 2 1
1 1 1 1 1 1 0 0 0 0 0 0 0 0 0 0 0 0 0 0 0 0
0 0 0 0 0 0 1 1 1 0 0 0 0 0 0 0 0 0 0 0 0 0
0 0 0 0 0 0 0 0 0 1 1 1 1 1 0 0 0 0 0 0 0 0
0 0 0 0 0 0 0 0 0 0 0 0 0 0 1 1 1 1 1 1 1 1

4 1 17
3 5 5 4
-4 4 -9 -6 1 -5 -10 -4 -6 8 7 4 -6 3 8 -9 10
143 44 31 18 51
0 1 1 1 2 2 2 1 0 0 0 1 1 1 1 1 2
1 1 1 0 0 0 0 0 0 0 0 0 0 0 0 0 0
0 0 0 1 1 1 1 1 0 0 0 0 0 0 0 0 0
0 0 0 0 0 0 0 0 1 1 1 1 1 0 0 0 0
0 0 0 0 0 0 0 0 0 0 0 0 0 1 1 1 1

4 1 22
7 4 7 4
-8 4 -6 -7 8 4 -4 -10 -1 -10 3 -2 -9 10 -8 -1 8 -8 -9 -7 -8 7
234 59 50 59 53
2 0 2 1 1 1 1 1 0 0 0 1 1 0 2 0 1 0 2 2 1 1
1 1 1 1 1 1 1 0 0 0 0 0 0 0 0 0 0 0 0 0 0 0
0 0 0 0 0 0 0 1 1 1 1 0 0 0 0 0 0 0 0 0 0 0
0 0 0 0 0 0 0 0 0 0 0 1 1 1 1 1 1 1 0 0 0 0
0 0 0 0 0 0 0 0 0 0 0 0 0 0 0 0 0 0 1 1 1 1

4 1 20
5 4 5 6
5 5 -3 9 -6 -7 -2 0 3 0 4 -5 -5 3 -8 4 -10 -5 10 9
106 46 22 31 67
2 2 2 0 1 0 0 0 0 1 0 1 1 2 2 2 1 0 0 0
1 1 1 1 1 0 0 0 0 0 0 0 0 0 0 0 0 0 0 0
0 0 0 0 0 1 1 1 1 0 0 0 0 0 0 0 0 0 0 0
0 0 0 0 0 0 0 0 0 1 1 1 1 1 0 0 0 0 0 0
0 0 0 0 0 0 0 0 0 0 0 0 0 0 1 1 1 1 1 1

4 1 20
6 7 4 3
-10 -3 0 -2 -3 9 -9 -2 -2 7 0 6 -10 -5 -7 9 -10 1 5 -2
373 86 94 -1 52
0 1 0 2 2 1 2 1 2 2 0 2 2 0 2 2 2 2 0 1
1 1 1 1 1 1 0 0 0 0 0 0 0 0 0 0 0 0 0 0
0 0 0 0 0 0 1 1 1 1 1 1 1 0 0 0 0 0 0 0
0 0 0 0 0 0 0 0 0 0 0 0 0 1 1 1 1 0 0 0
0 0 0 0 0 0 0 0 0 0 0 0 0 0 0 0 0 1 1 1

4 1 22
3 4 8 7
4 2 0 0 -6 -6 5 -8 -1 1 5 -8 7 -7 -4 -1 -3 -2 6 -1 6 5
320 23 46 95 90
1 1 2 0 0 2 2 1 1 1 2 1 2 1 2 2 1 0 1 1 2 2
1 1 1 0 0 0 0 0 0 0 0 0 0 0 0 0 0 0 0 0 0 0
0 0 0 1 1 1 1 0 0 0 0 0 0 0 0 0 0 0 0 0 0 0
0 0 0 0 0 0 0 1 1 1 1 1 1 1 1 0 0 0 0 0 0 0
0 0 0 0 0 0 0 0 0 0 0 0 0 0 0 1 1 1 1 1 1 1

4 1 22
4 8 5 5
-10 8 2 -4 0 5 -8 -10 9 -6 -7 8 0 3 -8 10 -2 -5 7 0 -4 0
277 43 89 69 48
0 1 0 0 1 2 2 0 1 1 2 2 1 2 0 1 2 0 2 1 0 2
1 1 1 1 0 0 0 0 0 0 0 0 0 0 0 0 0 0 0 0 0 0
0 0 0 0 1 1 1 1 1 1 1 1 0 0 0 0 0 0 0 0 0 0
0 0 0 0 0 0 0 0 0 0 0 0 1 1 1 1 1 0 0 0 0 0
0 0 0 0 0 0 0 0 0 0 0 0 0 0 0 0 0 1 1 1 1 1

4 1 28
4 8 8 8
1 -8 3 10 9 2 -6 -4 4 -7 7 1 8 6 4 1 6 2 7 9 -5 -1 9 7 -1 9 -7 9
347 20 86 -1 100
2 2 0 1 0 2 1 2 1 1 1 1 0 2 1 1 1 1 1 0 2 2 1 2 2 0 0 1
1 1 1 1 0 0 0 0 0 0 0 0 0 0 0 0 0 0 0 0 0 0 0 0 0 0 0 0
0 0 0 0 1 1 1 1 1 1 1 1 0 0 0 0 0 0 0 0 0 0 0 0 0 0 0 0
0 0 0 0 0 0 0 0 0 0 0 0 1 1 1 1 1 1 1 1 0 0 0 0 0 0 0 0
0 0 0 0 0 0 0 0 0 0 0 0 0 0 0 0 0 0 0 0 1 1 1 1 1 1 1 1

4 1 22
7 5 3 7
5 1 0 7 -10 0 -4 7 1 -8 -3 4 -6 1 0 -10 3 3 5 3 9 4
181 81 55 13 -1
2 0 0 2 2 1 1 1 2 0 2 1 1 1 2 2 0 1 0 0 0 1
1 1 1 1 1 1 1 0 0 0 0 0 0 0 0 0 0 0 0 0 0 0
0 0 0 0 0 0 0 1 1 1 1 1 0 0 0 0 0 0 0 0 0 0
0 0 0 0 0 0 0 0 0 0 0 0 1 1 1 0 0 0 0 0 0 0
0 0 0 0 0 0 0 0 0 0 0 0 0 0 0 1 1 1 1 1 1 1

4 1 24
4 5 7 8
-5 -10 -9 4 -9 5 -2 7 10 5 9 1 10 2 -3 4 3 4 -3 5 -9 -1 -4 9
142 27 -1 68 104
2 2 0 0 1 1 0 0 0 0 2 0 2 2 0 2 0 0 0 1 1 0 0 0
1 1 1 1 0 0 0 0 0 0 0 0 0 0 0 0 0 0 0 0 0 0 0 0
0 0 0 0 1 1 1 1 1 0 0 0 0 0 0 0 0 0 0 0 0 0 0 0
0 0 0 0 0 0 0 0 0 1 1 1 1 1 1 1 0 0 0 0 0 0 0 0
0 0 0 0 0 0 0 0 0 0 0 0 0 0 0 0 1 1 1 1 1 1 1 1

4 1 26
3 8 7 8
-9 -3 -7 -8 2 3 10 -7 7 4 9 1 -1 3 -2 0 1 -7 -3 0 -5 2 -8 6 9 8
254 49 107 61 100
2 2 1 1 0 1 2 0 1 1 0 0 2 1 0 2 0 1 1 1 0 0 2 0 2 0
1 1 1 0 0 0 0 0 0 0 0 0 0 0 0 0 0 0 0 0 0 0 0 0 0 0
0 0 0 1 1 1 1 1 1 1 1 0 0 0 0 0 0 0 0 0 0 0 0 0 0 0
0 0 0 0 0 0 0 0 0 0 0 1 1 1 1 1 1 1 0 0 0 0 0 0 0 0
0 0 0 0 0 0 0 0 0 0 0 0 0 0 0 0 0 0 1 1 1 1 1 1 1 1

4 1 21
4 7 7 3
1 2 7 -8 -7 -1 9 5 1 9 2 5 1 -7 6 -2 8 8 2 -5 5
143 54 -1 73 37
0 0 1 0 0 0 1 2 2 0 0 1 1 0 2 0 1 2 1 1 1
1 1 1 1 0 0 0 0 0 0 0 0 0 0 0 0 0 0 0 0 0
0 0 0 0 1 1 1 1 1 1 1 0 0 0 0 0 0 0 0 0 0
0 0 0 0 0 0 0 0 0 0 0 1 1 1 1 1 1 1 0 0 0
0 0 0 0 0 0 0 0 0 0 0 0 0 0 0 0 0 0 1 1 1

4 1 26
7 8 3 8
7 -10 -3 7 6 -4 -9 9 -3 7 9 -4 0 8 9 1 -6 -3 0 -6 4 8 3 8 5 -10
261 75 91 -1 81
1 0 0 0 1 1 1 2 2 2 2 1 2 1 1 2 0 2 0 0 2 0 2 0 2 0
1 1 1 1 1 1 1 0 0 0 0 0 0 0 0 0 0 0 0 0 0 0 0 0 0 0
0 0 0 0 0 0 0 1 1 1 1 1 1 1 1 0 0 0 0 0 0 0 0 0 0 0
0 0 0 0 0 0 0 0 0 0 0 0 0 0 0 1 1 1 0 0 0 0 0 0 0 0
0 0 0 0 0 0 0 0 0 0 0 0 0 0 0 0 0 0 1 1 1 1 1 1 1 1

4 1 30
8 6 8 8
3 3 0 -3 1 9 4 7 6 -10 -1 -4 6 -3 -1 -7 1 6 -1 -2 6 1 6 10 -4 -8 10 6 -8 1
287 82 73 75 81
1 0 1 2 1 2 1 0 0 1 2 1 2 1 0 1 2 2 1 0 0 1 0 1 2 0 0 0 1 1
1 1 1 1 1 1 1 1 0 0 0 0 0 0 0 0 0 0 0 0 0 0 0 0 0 0 0 0 0 0
0 0 0 0 0 0 0 0 1 1 1 1 1 1 0 0 0 0 0 0 0 0 0 0 0 0 0 0 0 0
0 0 0 0 0 0 0 0 0 0 0 0 0 0 1 1 1 1 1 1 1 1 0 0 0 0 0 0 0 0
0 0 0 0 0 0 0 0 0 0 0 0 0 0 0 0 0 0 0 0 0 0 1 1 1 1 1 1 1 1

4 1 26
8 8 3 7
10 -8 0 -2 -8 3 -9 3 0 5 10 -5 3 6 3 -10 8 10 3 3 9 10 5 -10 2 3
307 43 74 36 99
0 2 1 2 0 1 1 0 1 0 1 1 1 2 2 2 1 2 2 1 1 1 2 1 1 2
1 1 1 1 1 1 1 1 0 0 0 0 0 0 0 0 0 0 0 0 0 0 0 0 0 0
0 0 0 0 0 0 0 0 1 1 1 1 1 1 1 1 0 0 0 0 0 0 0 0 0 0
0 0 0 0 0 0 0 0 0 0 0 0 0 0 0 0 1 1 1 0 0 0 0 0 0 0
0 0 0 0 0 0 0 0 0 0 0 0 0 0 0 0 0 0 0 1 1 1 1 1 1 1

4 1 19
5 8 3 3
9 5 1 -9 -4 5 -9 7 0 4 -5 -4 2 10 -7 -10 -6 -7 -9
200 43 74 48 38
2 0 2 2 2 0 0 0 1 1 1 0 2 1 2 0 2 1 0
1 1 1 1 1 0 0 0 0 0 0 0 0 0 0 0 0 0 0
0 0 0 0 0 1 1 1 1 1 1 1 1 0 0 0 0 0 0
0 0 0 0 0 0 0 0 0 0 0 0 0 1 1 1 0 0 0
0 0 0 0 0 0 0 0 0 0 0 0 0 0 0 0 1 1 1

4 1 20
4 6 7 3
3 2 -8 6 -3 -10 0 2 -7 -7 -2 8 -5 8 -3 -2 -8 4 -5 -4
228 52 71 47 33
0 2 0 2 2 2 2 2 0 0 0 0 2 2 0 0 2 0 2 2
1 1 1 1 0 0 0 0 0 0 0 0 0 0 0 0 0 0 0 0
0 0 0 0 1 1 1 1 1 1 0 0 0 0 0 0 0 0 0 0
0 0 0 0 0 0 0 0 0 0 1 1 1 1 1 1 1 0 0 0
0 0 0 0 0 0 0 0 0 0 0 0 0 0 0 0 0 1 1 1

4 1 21
8 7 3 3
6 -1 -7 10 -9 -5 -9 -3 5 9 -3 -6 7 -10 -6 8 -5 4 -9 6 5
303 95 95 18 23
1 2 2 2 0 2 2 0 1 1 2 2 0 1 0 0 2 2 1 1 2
1 1 1 1 1 1 1 1 0 0 0 0 0 0 0 0 0 0 0 0 0
0 0 0 0 0 0 0 0 1 1 1 1 1 1 1 0 0 0 0 0 0
0 0 0 0 0 0 0 0 0 0 0 0 0 0 0 1 1 1 0 0 0
0 0 0 0 0 0 0 0 0 0 0 0 0 0 0 0 0 0 1 1 1

4 1 24
8 3 7 6
3 -5 -3 4 -10 8 10 -7 10 -5 -4 -7 2 -3 8 7 -8 5 -2 9 -1 0 2 8
198 72 27 62 83
0 0 2 2 1 1 0 0 1 1 1 0 1 1 1 1 1 1 1 0 2 2 0 1
1 1 1 1 1 1 1 1 0 0 0 0 0 0 0 0 0 0 0 0 0 0 0 0
0 0 0 0 0 0 0 0 1 1 1 0 0 0 0 0 0 0 0 0 0 0 0 0
0 0 0 0 0 0 0 0 0 0 0 1 1 1 1 1 1 1 0 0 0 0 0 0
0 0 0 0 0 0 0 0 0 0 0 0 0 0 0 0 0 0 1 1 1 1 1 1

4 1 25
5 7 7 6
10 9 -6 10 10 4 0 1 -7 8 -9 -1 2 -7 -9 7 0 -3 -9 2 -7 -2 10 -10 5
251 42 80 77 -1
0 0 1 2 1 1 1 0 0 1 2 2 1 0 2 2 0 2 1 1 0 0 1 1 0
1 1 1 1 1 0 0 0 0 0 0 0 0 0 0 0 0 0 0 0 0 0 0 0 0
0 0 0 0 0 1 1 1 1 1 1 1 0 0 0 0 0 0 0 0 0 0 0 0 0
0 0 0 0 0 0 0 0 0 0 0 0 1 1 1 1 1 1 1 0 0 0 0 0 0
0 0 0 0 0 0 0 0 0 0 0 0 0 0 0 0 0 0 0 1 1 1 1 1 1

4 1 19
3 7 3 6
-7 5 -9 0 0 7 3 -4 -2 -4 6 7 5 7 0 8 -4 -8 0
155 -1 92 23 52
1 0 2 0 2 1 0 1 2 0 0 0 0 2 2 0 1 2 1
1 1 1 0 0 0 0 0 0 0 0 0 0 0 0 0 0 0 0
0 0 0 1 1 1 1 1 1 1 0 0 0 0 0 0 0 0 0
0 0 0 0 0 0 0 0 0 0 1 1 1 0 0 0 0 0 0
0 0 0 0 0 0 0 0 0 0 0 0 0 1 1 1 1 1 1

4 1 24
7 7 5 5
4 2 1 -9 -5 6 0 -1 -6 5 3 -2 5 -9 0 10 -9 -9 -4 5 5 9 -1 1
276 55 76 -1 51
1 0 2 0 0 1 2 2 1 2 1 1 2 1 1 2 0 1 1 0 0 1 1 2
1 1 1 1 1 1 1 0 0 0 0 0 0 0 0 0 0 0 0 0 0 0 0 0
0 0 0 0 0 0 0 1 1 1 1 1 1 1 0 0 0 0 0 0 0 0 0 0
0 0 0 0 0 0 0 0 0 0 0 0 0 0 1 1 1 1 1 0 0 0 0 0
0 0 0 0 0 0 0 0 0 0 0 0 0 0 0 0 0 0 0 1 1 1 1 1

4 1 19
5 4 7 3
9 0 6 6 10 -2 6 -2 -3 7 -4 7 6 4 -2 2 4 7 3
193 65 48 66 37
1 1 2 1 2 1 0 1 0 1 2 0 0 2 1 0 0 2 1
1 1 1 1 1 0 0 0 0 0 0 0 0 0 0 0 0 0 0
0 0 0 0 0 1 1 1 1 0 0 0 0 0 0 0 0 0 0
0 0 0 0 0 0 0 0 0 1 1 1 1 1 1 1 0 0 0
0 0 0 0 0 0 0 0 0 0 0 0 0 0 0 0 1 1 1

4 1 23
8 3 7 5
-6 1 2 7 0 1 6 9 3 2 4 -8 9 -6 8 -9 -9 4 -1 7 -10 -2 -1
367 101 49 76 65
2 2 2 2 1 1 2 2 0 2 1 1 0 0 0 1 2 1 2 0 1 2 1
1 1 1 1 1 1 1 1 0 0 0 0 0 0 0 0 0 0 0 0 0 0 0
0 0 0 0 0 0 0 0 1 1 1 0 0 0 0 0 0 0 0 0 0 0 0
0 0 0 0 0 0 0 0 0 0 0 1 1 1 1 1 1 1 0 0 0 0 0
0 0 0 0 0 0 0 0 0 0 0 0 0 0 0 0 0 0 1 1 1 1 1

4 1 29
7 8 8 6
-10 -5 -9 -4 3 -6 3 -3 -9 3 -5 7 1 7 3 10 -3 2 -3 -2 7 -3 -7 4 8 -5 2 9 4
219 49 88 -1 48
2 2 0 0 1 0 2 0 0 1 2 1 0 1 0 0 2 2 1 2 1 0 1 0 0 2 2 0 2
1 1 1 1 1 1 1 0 0 0 0 0 0 0 0 0 0 0 0 0 0 0 0 0 0 0 0 0 0
0 0 0 0 0 0 0 1 1 1 1 1 1 1 1 0 0 0 0 0 0 0 0 0 0 0 0 0 0
0 0 0 0 0 0 0 0 0 0 0 0 0 0 0 1 1 1 1 1 1 1 1 0 0 0 0 0 0
0 0 0 0 0 0 0 0 0 0 0 0 0 0 0 0 0 0 0 0 0 0 0 1 1 1 1 1 1

4 1 24
3 5 8 8
-7 6 -5 2 4 10 3 2 -8 9 -1 -4 -8 9 -4 -7 4 -8 8 -2 0 -7 -2 10
252 14 70 68 94
1 1 2 0 1 0 0 1 0 1 1 0 2 1 1 1 2 0 2 0 0 2 2 2
1 1 1 0 0 0 0 0 0 0 0 0 0 0 0 0 0 0 0 0 0 0 0 0
0 0 0 1 1 1 1 1 0 0 0 0 0 0 0 0 0 0 0 0 0 0 0 0
0 0 0 0 0 0 0 0 1 1 1 1 1 1 1 1 0 0 0 0 0 0 0 0
0 0 0 0 0 0 0 0 0 0 0 0 0 0 0 0 1 1 1 1 1 1 1 1

4 1 19
3 5 7 4
8 5 5 -9 6 -7 -10 6 3 4 1 -5 -3 -2 7 1 4 10 -7
340 -1 62 76 60
1 2 1 2 2 2 2 2 2 0 1 1 2 0 1 2 1 1 2
1 1 1 0 0 0 0 0 0 0 0 0 0 0 0 0 0 0 0
0 0 0 1 1 1 1 1 0 0 0 0 0 0 0 0 0 0 0
0 0 0 0 0 0 0 0 1 1 1 1 1 1 1 0 0 0 0
0 0 0 0 0 0 0 0 0 0 0 0 0 0 0 1 1 1 1

4 1 16
3 4 5 4
-9 0 8 -7 -7 3 2 -8 6 -1 -1 -1 -3 10 -4 -5
97 20 -1 46 25
1 0 0 2 0 0 2 1 0 0 2 2 1 2 0 1
1 1 1 0 0 0 0 0 0 0 0 0 0 0 0 0
0 0 0 1 1 1 1 0 0 0 0 0 0 0 0 0
0 0 0 0 0 0 0 1 1 1 1 1 0 0 0 0
0 0 0 0 0 0 0 0 0 0 0 0 1 1 1 1

4 1 17
4 7 3 3
-7 3 -2 -4 -1 -7 -6 -10 -9 9 -4 -4 9 10 -5 -10 -7
239 49 -1 42 44
1 1 1 2 0 0 2 2 1 2 2 0 1 1 2 1 0
1 1 1 1 0 0 0 0 0 0 0 0 0 0 0 0 0
0 0 0 0 1 1 1 1 1 1 1 0 0 0 0 0 0
0 0 0 0 0 0 0 0 0 0 0 1 1 1 0 0 0
0 0 0 0 0 0 0 0 0 0 0 0 0 0 1 1 1

4 1 19
6 6 4 3
-7 1 -7 7 9 -5 -8 -6 -3 1 -7 0 -3 2 -3 -5 -3 -8 1
236 48 80 -1 23
0 0 2 2 2 1 2 1 0 2 0 2 2 1 1 0 1 0 1
1 1 1 1 1 1 0 0 0 0 0 0 0 0 0 0 0 0 0
0 0 0 0 0 0 1 1 1 1 1 1 0 0 0 0 0 0 0
0 0 0 0 0 0 0 0 0 0 0 0 1 1 1 1 0 0 0
0 0 0 0 0 0 0 0 0 0 0 0 0 0 0 0 1 1 1

4 1 19
4 5 7 3
-6 -10 10 -3 0 -8 10 8 -8 -1 7 -1 2 -6 -3 -7 1 -6 -5
236 50 30 82 37
1 1 2 2 2 0 1 2 0 2 0 1 2 1 0 0 2 2 0
1 1 1 1 0 0 0 0 0 0 0 0 0 0 0 0 0 0 0
0 0 0 0 1 1 1 1 1 0 0 0 0 0 0 0 0 0 0
0 0 0 0 0 0 0 0 0 1 1 1 1 1 1 1 0 0 0
0 0 0 0 0 0 0 0 0 0 0 0 0 0 0 0 1 1 1

4 1 25
4 7 6 8
-3 -2 -2 -3 -2 4 3 -5 -7 -2 2 3 -2 8 6 -1 10 5 2 -5 -10 -3 3 -4 10
183 -1 62 39 57
1 1 0 0 2 0 0 1 1 1 2 2 1 0 1 2 1 1 2 1 0 1 2 1 0
1 1 1 1 0 0 0 0 0 0 0 0 0 0 0 0 0 0 0 0 0 0 0 0 0
0 0 0 0 1 1 1 1 1 1 1 0 0 0 0 0 0 0 0 0 0 0 0 0 0
0 0 0 0 0 0 0 0 0 0 0 1 1 1 1 1 1 0 0 0 0 0 0 0 0
0 0 0 0 0 0 0 0 0 0 0 0 0 0 0 0 0 1 1 1 1 1 1 1 1

