100
5 3 31
5 8 4 6 8
3 -4 -10 -4 -10 -7 4 -8 8 -4 1 -9 -3 -5 -6 -1 -7 -6 -3 -7 -4 2 -5 4 10 2 -7 -9 -4 6 -8
789 1005 676 67 46 41 65 87
3 2 1 4 5 4 4 0 2 0 4 5 4 4 5 4 4 2 1 5 3 0 2 0 2 5 2 1 4 2 0
1 4 4 4 4 4 2 0 5 3 4 4 5 4 4 2 5 5 3 1 5 2 4 2 4 2 3 1 2 2 5
1 0 1 2 2 1 3 4 5 4 1 5 5 3 0 2 5 2 1 4 5 1 1 3 3 5 0 0 2 1 4
1 1 1 1 1 0 0 0 0 0 0 0 0 0 0 0 0 0 0 0 0 0 0 0 0 0 0 0 0 0 0
0 0 0 0 0 1 1 1 1 1 1 1 1 0 0 0 0 0 0 0 0 0 0 0 0 0 0 0 0 0 0
0 0 0 0 0 0 0 0 0 0 0 0 0 1 1 1 1 0 0 0 0 0 0 0 0 0 0 0 0 0 0
0 0 0 0 0 0 0 0 0 0 0 0 0 0 0 0 0 1 1 1 1 1 1 0 0 0 0 0 0 0 0
0 0 0 0 0 0 0 0 0 0 0 0 0 0 0 0 0 0 0 0 0 0 0 1 1 1 1 1 1 1 1

5 3 28
5 7 6 3 7
10 -3 8 -10 4 4 -8 -10 8 6 8 -1 -8 -2 -3 10 -4 -4 -1 -3 3 10 -3 8 -6 -8 5 -4
701 634 753 40 104 52 26 60
5 5 5 5 3 2 5 0 2 1 3 4 4 5 0 0 4 0 1 2 0 2 3 5 2 0 1 4
5 2 3 2 2 2 2 3 3 1 5 4 2 4 1 1 2 0 4 0 4 1 0 3 3 0 3 3
0 2 4 1 4 5 0 2 5 4 4 0 4 3 3 3 2 0 0 4 3 1 4 5 3 1 0 4
1 1 1 1 1 0 0 0 0 0 0 0 0 0 0 0 0 0 0 0 0 0 0 0 0 0 0 0
0 0 0 0 0 1 1 1 1 1 1 1 0 0 0 0 0 0 0 0 0 0 0 0 0 0 0 0
0 0 0 0 0 0 0 0 0 0 0 0 1 1 1 1 1 1 0 0 0 0 0 0 0 0 0 0
0 0 0 0 0 0 0 0 0 0 0 0 0 0 0 0 0 0 1 1 1 0 0 0 0 0 0 0
0 0 0 0 0 0 0 0 0 0 0 0 0 0 0 0 0 0 0 0 0 1 1 1 1 1 1 1

5 3 31
3 5 8 7 8
-4 4 -9 2 8 -2 4 7 8 7 -6 -1 8 6 3 -3 -6 -10 7 -4 -6 0 4 -4 1 4 6 6 1 9 -8
486 677 713 10 49 77 -1 94
5 1 2 3 0 4 5 4 2 1 1 1 2 5 0 0 1 1 1 1 5 5 1 3 4 3 4 0 0 0 3
5 5 2 0 3 0 4 3 5 4 0 5 1 2 0 1 0 2 5 3 2 4 1 3 0 0 2 3 3 4 3
0 4 5 5 2 1 1 3 3 2 3 2 2 1 0 3 5 0 1 2 5 5 1 4 2 3 2 4 0 0 1
1 1 1 0 0 0 0 0 0 0 0 0 0 0 0 0 0 0 0 0 0 0 0 0 0 0 0 0 0 0 0
0 0 0 1 1 1 1 1 0 0 0 0 0 0 0 0 0 0 0 0 0 0 0 0 0 0 0 0 0 0 0
0 0 0 0 0 0 0 0 1 1 1 1 1 1 1 1 0 0 0 0 0 0 0 0 0 0 0 0 0 0 0
0 0 0 0 0 0 0 0 0 0 0 0 0 0 0 0 1 1 1 1 1 1 1 0 0 0 0 0 0 0 0
0 0 0 0 0 0 0 0 0 0 0 0 0 0 0 0 0 0 0 0 0 0 0 1 1 1 1 1 1 1 1

5 3 27
3 8 6 5 5
5 2 -8 -5 2 -5 -4 -8 5 -1 3 3 7 4 -1 9 10 -1 4 5 -2 -8 7 -4 8 8 5
561 544 693 12 87 -1 58 49
0 5 0 2 0 0 3 3 0 1 5 0 1 3 4 0 4 4 0 2 3 2 1 5 4 1 0
5 2 2 2 5 2 5 1 0 1 1 2 0 3 4 0 5 0 2 0 4 4 0 1 3 2 2
1 2 5 2 1 2 3 0 2 2 5 1 5 0 5 2 0 4 1 5 4 4 2 0 2 1 2
1 1 1 0 0 0 0 0 0 0 0 0 0 0 0 0 0 0 0 0 0 0 0 0 0 0 0
0 0 0 1 1 1 1 1 1 1 1 0 0 0 0 0 0 0 0 0 0 0 0 0 0 0 0
0 0 0 0 0 0 0 0 0 0 0 1 1 1 1 1 1 0 0 0 0 0 0 0 0 0 0
0 0 0 0 0 0 0 0 0 0 0 0 0 0 0 0 0 1 1 1 1 1 0 0 0 0 0
0 0 0 0 0 0 0 0 0 0 0 0 0 0 0 0 0 0 0 0 0 0 1 1 1 1 1

5 3 31
7 5 8 6 5
8 7 1 8 -7 1 7 4 -3 -6 -9 -9 0 -1 5 -6 6 5 -7 -8 -8 -3 3 -3 -5 0 7 8 -1 8 9
842 739 925 97 -1 80 52 51
3 3 3 5 4 2 5 2 0 3 1 1 3 2 4 3 0 0 3 2 4 3 2 4 2 3 5 2 5 0 0
1 2 2 5 5 0 2 3 4 2 5 0 3 3 4 1 0 0 3 4 3 3 0 1 1 4 2 4 1 2 4
5 4 4 4 1 3 4 4 4 4 2 5 4 3 1 5 0 1 1 3 2 4 1 2 0 2 5 1 3 1 5
1 1 1 1 1 1 1 0 0 0 0 0 0 0 0 0 0 0 0 0 0 0 0 0 0 0 0 0 0 0 0
0 0 0 0 0 0 0 1 1 1 1 1 0 0 0 0 0 0 0 0 0 0 0 0 0 0 0 0 0 0 0
0 0 0 0 0 0 0 0 0 0 0 0 1 1 1 1 1 1 1 1 0 0 0 0 0 0 0 0 0 0 0
0 0 0 0 0 0 0 0 0 0 0 0 0 0 0 0 0 0 0 0 1 1 1 1 1 1 0 0 0 0 0
0 0 0 0 0 0 0 0 0 0 0 0 0 0 0 0 0 0 0 0 0 0 0 0 0 0 1 1 1 1 1

5 3 20
3 6 3 3 5
6 -10 2 10 -10 -10 4 -6 -5 2 6 2 9 -6 -5 3 0 3 7 9
577 644 657 42 85 -1 43 56
1 2 2 4 0 3 1 4 0 1 3 5 0 4 1 3 0 0 1 4
4 4 1 1 3 4 1 0 5 4 4 0 3 4 0 3 2 3 1 5
2 3 3 4 3 0 1 3 2 5 4 1 3 0 5 5 4 2 2 2
1 1 1 0 0 0 0 0 0 0 0 0 0 0 0 0 0 0 0 0
0 0 0 1 1 1 1 1 1 0 0 0 0 0 0 0 0 0 0 0
0 0 0 0 0 0 0 0 0 1 1 1 0 0 0 0 0 0 0 0
0 0 0 0 0 0 0 0 0 0 0 0 1 1 1 0 0 0 0 0
0 0 0 0 0 0 0 0 0 0 0 0 0 0 0 1 1 1 1 1

5 3 28
6 8 3 8 3
2 3 -7 -5 -7 -4 10 -5 5 -3 2 7 -9 -9 3 1 -4 -9 10 2 -5 8 3 1 -6 4 0 1
630 585 719 -1 95 25 59 8
3 5 3 1 1 1 2 1 5 1 4 4 5 1 0 2 0 4 1 4 0 0 3 2 3 0 0 0
2 5 2 5 2 2 0 0 3 0 3 2 3 2 1 2 3 4 3 2 2 5 1 3 1 5 3 3
5 5 5 2 0 2 1 5 5 3 0 1 4 2 5 2 4 4 2 2 4 4 2 0 4 1 0 5
1 1 1 1 1 1 0 0 0 0 0 0 0 0 0 0 0 0 0 0 0 0 0 0 0 0 0 0
0 0 0 0 0 0 1 1 1 1 1 1 1 1 0 0 0 0 0 0 0 0 0 0 0 0 0 0
0 0 0 0 0 0 0 0 0 0 0 0 0 0 1 1 1 0 0 0 0 0 0 0 0 0 0 0
0 0 0 0 0 0 0 0 0 0 0 0 0 0 0 0 0 1 1 1 1 1 1 1 1 0 0 0
0 0 0 0 0 0 0 0 0 0 0 0 0 0 0 0 0 0 0 0 0 0 0 0 0 1 1 1

5 3 29
8 7 7 3 4
-8 -7 -9 -7 -7 8 -5 -10 -4 4 9 7 10 -8 5 -1 0 -1 -7 10 -4 -8 -7 -3 -9 7 3 6 -6
530 607 542 72 -1 42 22 40
2 1 0 0 0 1 2 4 2 3 0 4 2 2 4 5 3 5 0 0 2 5 5 4 0 4 0 4 0
0 1 2 0 2 3 0 5 4 0 2 3 1 1 2 1 2 2 0 2 3 4 1 4 3 0 4 5 5
3 4 0 1 0 2 4 1 0 0 3 5 2 3 5 0 4 0 0 0 1 0 4 5 2 3 1 0 3
1 1 1 1 1 1 1 1 0 0 0 0 0 0 0 0 0 0 0 0 0 0 0 0 0 0 0 0 0
0 0 0 0 0 0 0 0 1 1 1 1 1 1 1 0 0 0 0 0 0 0 0 0 0 0 0 0 0
0 0 0 0 0 0 0 0 0 0 0 0 0 0 0 1 1 1 1 1 1 1 0 0 0 0 0 0 0
0 0 0 0 0 0 0 0 0 0 0 0 0 0 0 0 0 0 0 0 0 0 1 1 1 0 0 0 0
0 0 0 0 0 0 0 0 0 0 0 0 0 0 0 0 0 0 0 0 0 0 0 0 0 1 1 1 1

5 3 36
7 7 8 6 8
-9 7 -10 3 -7 8 7 9 -2 10 10 -4 1 -7 -7 -10 1 -5 -10 -2 0 -4 1 -9 3 -5 -8 -9 -7 2 3 -4 -5 7 3 -3
1094 847 1187 83 82 92 -1 73
2 3 4 1 0 1 1 5 1 0 3 4 0 4 4 4 5 5 5 1 3 4 0 3 4 3 0 4 1 4 5 0 1 2 2 5
1 3 1 3 3 1 0 2 4 1 1 0 1 5 2 5 4 1 0 0 5 2 0 3 4 2 3 2 1 4 0 1 3 4 1 2
1 5 4 1 2 5 4 4 3 2 2 3 0 3 2 0 2 5 4 0 2 5 1 5 0 3 4 1 4 5 3 0 5 1 5 3
1 1 1 1 1 1 1 0 0 0 0 0 0 0 0 0 0 0 0 0 0 0 0 0 0 0 0 0 0 0 0 0 0 0 0 0
0 0 0 0 0 0 0 1 1 1 1 1 1 1 0 0 0 0 0 0 0 0 0 0 0 0 0 0 0 0 0 0 0 0 0 0
0 0 0 0 0 0 0 0 0 0 0 0 0 0 1 1 1 1 1 1 1 1 0 0 0 0 0 0 0 0 0 0 0 0 0 0
0 0 0 0 0 0 0 0 0 0 0 0 0 0 0 0 0 0 0 0 0 0 1 1 1 1 1 1 0 0 0 0 0 0 0 0
0 0 0 0 0 0 0 0 0 0 0 0 0 0 0 0 0 0 0 0 0 0 0 0 0 0 0 0 1 1 1 1 1 1 1 1

5 3 31
5 7 8 8 3
4 8 -6 8 -2 0 0 8 9 3 2 6 -4 0 -9 5 3 -7 -1 5 8 -1 1 -5 -4 -9 5 1 5 4 -4
588 494 691 22 69 59 -1 48
1 2 3 3 4 5 3 0 2 4 5 4 0 3 0 0 4 5 0 0 5 4 3 0 0 3 2 2 4 3 2
0 1 2 5 3 4 1 5 3 0 5 1 2 4 0 3 0 4 0 1 5 2 2 1 3 1 1 1 0 4 2
4 3 1 5 0 0 1 5 5 0 0 4 1 0 4 2 0 4 2 5 0 0 5 2 0 1 0 2 0 5 4
1 1 1 1 1 0 0 0 0 0 0 0 0 0 0 0 0 0 0 0 0 0 0 0 0 0 0 0 0 0 0
0 0 0 0 0 1 1 1 1 1 1 1 0 0 0 0 0 0 0 0 0 0 0 0 0 0 0 0 0 0 0
0 0 0 0 0 0 0 0 0 0 0 0 1 1 1 1 1 1 1 1 0 0 0 0 0 0 0 0 0 0 0
0 0 0 0 0 0 0 0 0 0 0 0 0 0 0 0 0 0 0 0 1 1 1 1 1 1 1 1 0 0 0
0 0 0 0 0 0 0 0 0 0 0 0 0 0 0 0 0 0 0 0 0 0 0 0 0 0 0 0 1 1 1

5 3 27
5 8 6 3 5
-10 1 1 -5 -1 2 5 -2 7 3 -6 2 -5 10 6 6 6 -8 -9 1 0 -8 10 2 10 5 7
766 984 957 56 109 62 28 46
5 3 3 5 1 1 1 5 3 5 1 3 3 1 3 5 2 2 5 0 4 0 4 0 0 3 1
1 5 4 5 5 0 5 1 5 0 5 3 5 3 5 3 3 5 4 3 5 0 3 1 4 0 5
5 3 5 0 4 3 1 4 3 1 4 4 4 5 4 5 5 2 0 4 3 3 4 0 5 5 4
1 1 1 1 1 0 0 0 0 0 0 0 0 0 0 0 0 0 0 0 0 0 0 0 0 0 0
0 0 0 0 0 1 1 1 1 1 1 1 1 0 0 0 0 0 0 0 0 0 0 0 0 0 0
0 0 0 0 0 0 0 0 0 0 0 0 0 1 1 1 1 1 1 0 0 0 0 0 0 0 0
0 0 0 0 0 0 0 0 0 0 0 0 0 0 0 0 0 0 0 1 1 1 0 0 0 0 0
0 0 0 0 0 0 0 0 0 0 0 0 0 0 0 0 0 0 0 0 0 0 1 1 1 1 1

5 3 22
5 3 5 4 5
7 -2 8 -9 3 5 -8 -8 3 -8 5 3 10 -9 -9 -9 9 9 6 6 -9 -7
645 546 546 56 46 38 16 48
1 4 1 0 5 5 0 2 5 3 5 2 4 0 1 5 4 3 0 4 4 5
5 5 1 3 2 1 4 1 1 0 0 2 5 4 5 4 1 3 4 1 1 1
0 0 3 2 5 2 2 5 3 3 3 5 3 0 0 4 3 4 3 5 1 1
1 1 1 1 1 0 0 0 0 0 0 0 0 0 0 0 0 0 0 0 0 0
0 0 0 0 0 1 1 1 0 0 0 0 0 0 0 0 0 0 0 0 0 0
0 0 0 0 0 0 0 0 1 1 1 1 1 0 0 0 0 0 0 0 0 0
0 0 0 0 0 0 0 0 0 0 0 0 0 1 1 1 1 0 0 0 0 0
0 0 0 0 0 0 0 0 0 0 0 0 0 0 0 0 0 1 1 1 1 1

5 3 24
8 7 3 3 3
3 -3 4 2 -9 -6 10 0 1 6 4 2 4 -3 -6 -3 8 -10 -4 -1 10 1 0 4
742 663 664 -1 64 24 22 38
5 4 5 1 0 2 2 2 2 2 5 3 0 4 3 4 4 3 2 3 5 4 0 5
2 5 4 1 3 2 0 1 0 1 3 3 2 4 5 4 3 5 3 5 5 2 0 5
3 4 4 2 5 5 3 5 0 0 2 0 0 5 3 0 2 3 2 5 5 4 3 4
1 1 1 1 1 1 1 1 0 0 0 0 0 0 0 0 0 0 0 0 0 0 0 0
0 0 0 0 0 0 0 0 1 1 1 1 1 1 1 0 0 0 0 0 0 0 0 0
0 0 0 0 0 0 0 0 0 0 0 0 0 0 0 1 1 1 0 0 0 0 0 0
0 0 0 0 0 0 0 0 0 0 0 0 0 0 0 0 0 0 1 1 1 0 0 0
0 0 0 0 0 0 0 0 0 0 0 0 0 0 0 0 0 0 0 0 0 1 1 1

5 3 29
7 3 8 6 5
-1 -3 2 5 7 8 6 -5 5 1 -1 3 -5 10 10 4 -10 2 6 -7 7 0 -1 9 -4 -3 2 -5 -4
626 702 561 67 27 71 38 37
4 3 3 4 1 3 5 4 3 2 0 5 1 4 0 5 1 5 2 5 2 3 2 0 5 0 0 4 0
4 1 5 3 5 4 3 4 4 4 1 2 1 0 3 1 3 4 5 0 1 5 1 2 2 0 0 1 4
1 0 0 5 0 0 1 3 5 1 5 4 3 4 5 1 0 5 5 2 5 1 5 0 3 3 4 2 5
1 1 1 1 1 1 1 0 0 0 0 0 0 0 0 0 0 0 0 0 0 0 0 0 0 0 0 0 0
0 0 0 0 0 0 0 1 1 1 0 0 0 0 0 0 0 0 0 0 0 0 0 0 0 0 0 0 0
0 0 0 0 0 0 0 0 0 0 1 1 1 1 1 1 1 1 0 0 0 0 0 0 0 0 0 0 0
0 0 0 0 0 0 0 0 0 0 0 0 0 0 0 0 0 0 1 1 1 1 1 1 0 0 0 0 0
0 0 0 0 0 0 0 0 0 0 0 0 0 0 0 0 0 0 0 0 0 0 0 0 1 1 1 1 1

5 3 28
4 5 4 8 7
7 0 -1 2 9 -4 7 3 8 9 -2 2 -2 8 -4 5 1 -5 -2 -1 6 10 8 6 8 -4 6 8
589 598 854 52 51 50 67 57
3 3 1 1 0 1 1 2 5 3 4 4 3 3 2 0 0 3 5 0 0 2 0 4 4 2 5 0
0 0 0 2 1 5 1 3 4 0 4 3 5 5 3 1 4 5 2 3 0 0 1 5 3 5 1 2
2 5 0 5 5 2 2 2 4 5 4 5 3 3 3 3 3 2 3 1 2 5 1 2 5 1 5 5
1 1 1 1 0 0 0 0 0 0 0 0 0 0 0 0 0 0 0 0 0 0 0 0 0 0 0 0
0 0 0 0 1 1 1 1 1 0 0 0 0 0 0 0 0 0 0 0 0 0 0 0 0 0 0 0
0 0 0 0 0 0 0 0 0 1 1 1 1 0 0 0 0 0 0 0 0 0 0 0 0 0 0 0
0 0 0 0 0 0 0 0 0 0 0 0 0 1 1 1 1 1 1 1 1 0 0 0 0 0 0 0
0 0 0 0 0 0 0 0 0 0 0 0 0 0 0 0 0 0 0 0 0 1 1 1 1 1 1 1

5 3 30
8 4 3 8 7
6 8 0 -3 3 4 -4 4 -2 5 5 -2 9 -4 -2 0 -3 7 3 9 -8 -1 9 -7 -6 2 -3 -4 -3 4
825 638 628 85 49 33 82 64
5 4 3 2 2 3 1 2 5 1 0 1 5 3 2 5 2 0 3 2 4 3 0 5 4 0 5 0 5 5
0 0 3 5 1 3 0 5 2 3 3 0 5 0 2 0 5 1 5 5 3 0 0 5 5 5 2 3 1 5
2 2 2 4 4 5 2 2 0 2 4 0 3 1 3 1 0 3 0 2 4 2 3 2 2 1 4 2 3 1
1 1 1 1 1 1 1 1 0 0 0 0 0 0 0 0 0 0 0 0 0 0 0 0 0 0 0 0 0 0
0 0 0 0 0 0 0 0 1 1 1 1 0 0 0 0 0 0 0 0 0 0 0 0 0 0 0 0 0 0
0 0 0 0 0 0 0 0 0 0 0 0 1 1 1 0 0 0 0 0 0 0 0 0 0 0 0 0 0 0
0 0 0 0 0 0 0 0 0 0 0 0 0 0 0 1 1 1 1 1 1 1 1 0 0 0 0 0 0 0
0 0 0 0 0 0 0 0 0 0 0 0 0 0 0 0 0 0 0 0 0 0 0 1 1 1 1 1 1 1

5 3 29
8 3 6 8 4
3 -3 -4 -9 -4 -6 -4 -5 -4 9 -8 -8 10 2 10 0 9 8 -1 -7 4 -1 -10 0 -3 -4 5 -8 3
757 854 995 97 38 40 81 -1
2 4 1 3 2 5 2 5 5 1 4 5 2 3 1 1 2 0 2 5 0 1 2 2 0 4 5 2 1
4 1 3 3 3 4 4 5 2 1 1 3 0 0 4 0 3 4 4 4 5 5 2 0 1 2 3 2 4
3 4 2 3 3 2 4 2 5 5 4 5 5 5 4 1 3 1 5 0 5 2 2 4 0 4 3 5 5
1 1 1 1 1 1 1 1 0 0 0 0 0 0 0 0 0 0 0 0 0 0 0 0 0 0 0 0 0
0 0 0 0 0 0 0 0 1 1 1 0 0 0 0 0 0 0 0 0 0 0 0 0 0 0 0 0 0
0 0 0 0 0 0 0 0 0 0 0 1 1 1 1 1 1 0 0 0 0 0 0 0 0 0 0 0 0
0 0 0 0 0 0 0 0 0 0 0 0 0 0 0 0 0 1 1 1 1 1 1 1 1 0 0 0 0
0 0 0 0 0 0 0 0 0 0 0 0 0 0 0 0 0 0 0 0 0 0 0 0 0 1 1 1 1

5 3 25
3 4 8 4 6
3 -2 -1 10 -9 0 -4 -4 -9 -7 -4 8 6 6 -5 2 1 -3 -7 3 -10 5 5 4 -8
557 743 774 -1 49 81 32 64
3 2 5 0 2 2 4 3 3 5 3 0 1 0 1 3 0 2 2 1 0 0 2 5 1
3 4 5 5 2 2 1 5 3 5 1 0 2 3 4 3 0 5 0 0 0 2 1 3 0
5 2 5 2 2 3 1 4 4 4 4 2 5 2 3 2 2 1 0 4 2 4 1 4 0
1 1 1 0 0 0 0 0 0 0 0 0 0 0 0 0 0 0 0 0 0 0 0 0 0
0 0 0 1 1 1 1 0 0 0 0 0 0 0 0 0 0 0 0 0 0 0 0 0 0
0 0 0 0 0 0 0 1 1 1 1 1 1 1 1 0 0 0 0 0 0 0 0 0 0
0 0 0 0 0 0 0 0 0 0 0 0 0 0 0 1 1 1 1 0 0 0 0 0 0
0 0 0 0 0 0 0 0 0 0 0 0 0 0 0 0 0 0 0 1 1 1 1 1 1

5 3 26
5 5 4 5 7
-5 8 8 -4 4 -5 -3 -4 -2 10 0 5 7 -8 -5 6 -10 -9 -4 6 4 -2 4 -6 3 -6
685 527 504 60 33 23 -1 87
2 4 2 5 3 0 0 3 3 3 4 4 3 1 0 2 0 2 4 4 1 4 1 4 5 4
4 0 5 2 0 0 4 5 1 1 4 4 3 0 3 1 3 4 4 2 0 1 3 5 1 0
0 2 2 1 2 3 1 2 4 2 1 5 1 2 1 5 5 4 0 2 5 2 2 0 0 1
1 1 1 1 1 0 0 0 0 0 0 0 0 0 0 0 0 0 0 0 0 0 0 0 0 0
0 0 0 0 0 1 1 1 1 1 0 0 0 0 0 0 0 0 0 0 0 0 0 0 0 0
0 0 0 0 0 0 0 0 0 0 1 1 1 1 0 0 0 0 0 0 0 0 0 0 0 0
0 0 0 0 0 0 0 0 0 0 0 0 0 0 1 1 1 1 1 0 0 0 0 0 0 0
0 0 0 0 0 0 0 0 0 0 0 0 0 0 0 0 0 0 0 1 1 1 1 1 1 1

5 3 28
7 5 4 7 5
10 1 -8 -2 2 5 -10 -5 6 -8 10 -2 -10 0 5 -1 8 -3 3 -6 5 4 7 4 -2 -1 2 2
701 643 560 67 50 40 79 36
5 3 5 5 2 4 1 3 2 0 1 5 1 2 3 4 0 2 3 4 0 3 2 1 5 5 0 4
2 4 2 0 2 4 4 4 4 5 4 5 2 0 5 4 0 4 0 5 1 0 4 0 1 5 0 1
1 3 2 1 5 5 0 0 0 1 1 3 0 3 2 3 5 1 3 1 0 5 2 4 0 1 2 2
1 1 1 1 1 1 1 0 0 0 0 0 0 0 0 0 0 0 0 0 0 0 0 0 0 0 0 0
0 0 0 0 0 0 0 1 1 1 1 1 0 0 0 0 0 0 0 0 0 0 0 0 0 0 0 0
0 0 0 0 0 0 0 0 0 0 0 0 1 1 1 1 0 0 0 0 0 0 0 0 0 0 0 0
0 0 0 0 0 0 0 0 0 0 0 0 0 0 0 0 1 1 1 1 1 1 1 0 0 0 0 0
0 0 0 0 0 0 0 0 0 0 0 0 0 0 0 0 0 0 0 0 0 0 0 1 1 1 1 1

5 3 29
3 8 4 6 8
-10 0 -3 0 -4 -8 -7 0 5 3 -10 -1 -5 -9 -10 -2 -2 -2 2 -6 -8 -1 1 -10 -4 8 7 -2 -7
540 514 606 8 65 45 33 93
1 1 4 3 4 1 3 2 4 5 4 3 3 3 3 1 1 1 2 1 2 3 2 1 1 4 1 0 1
5 3 5 0 5 0 5 4 4 0 1 0 3 4 5 1 5 0 0 0 3 4 1 0 4 0 0 1 4
1 3 3 4 1 2 0 1 3 5 5 4 0 5 4 1 1 1 5 2 3 0 0 0 3 2 4 1 4
1 1 1 0 0 0 0 0 0 0 0 0 0 0 0 0 0 0 0 0 0 0 0 0 0 0 0 0 0
0 0 0 1 1 1 1 1 1 1 1 0 0 0 0 0 0 0 0 0 0 0 0 0 0 0 0 0 0
0 0 0 0 0 0 0 0 0 0 0 1 1 1 1 0 0 0 0 0 0 0 0 0 0 0 0 0 0
0 0 0 0 0 0 0 0 0 0 0 0 0 0 0 1 1 1 1 1 1 0 0 0 0 0 0 0 0
0 0 0 0 0 0 0 0 0 0 0 0 0 0 0 0 0 0 0 0 0 1 1 1 1 1 1 1 1

5 3 30
7 8 4 4 7
0 -5 2 -2 -3 -4 -5 6 4 7 -8 8 -4 4 10 7 -3 -5 8 0 -6 -1 5 -6 10 -3 -5 6 3 2
833 791 609 77 58 -1 60 94
5 0 3 1 5 2 3 0 0 1 1 0 3 5 4 4 1 2 4 4 4 5 5 1 1 2 2 5 3 3
0 1 0 2 2 3 0 2 5 2 4 5 3 2 2 0 2 5 4 5 1 3 3 0 4 4 3 2 5 2
0 2 4 4 2 0 1 5 4 2 1 3 1 2 1 0 3 3 5 2 2 0 3 1 4 0 3 1 0 3
1 1 1 1 1 1 1 0 0 0 0 0 0 0 0 0 0 0 0 0 0 0 0 0 0 0 0 0 0 0
0 0 0 0 0 0 0 1 1 1 1 1 1 1 1 0 0 0 0 0 0 0 0 0 0 0 0 0 0 0
0 0 0 0 0 0 0 0 0 0 0 0 0 0 0 1 1 1 1 0 0 0 0 0 0 0 0 0 0 0
0 0 0 0 0 0 0 0 0 0 0 0 0 0 0 0 0 0 0 1 1 1 1 0 0 0 0 0 0 0
0 0 0 0 0 0 0 0 0 0 0 0 0 0 0 0 0 0 0 0 0 0 0 1 1 1 1 1 1 1

5 3 28
7 3 7 4 7
-10 -4 0 4 -5 1 1 -6 -5 -2 -10 0 0 3 -7 -4 9 6 -4 -1 7 6 -3 8 -9 5 3 -6
878 858 866 69 -1 78 37 83
4 0 0 5 2 4 4 2 0 5 4 4 2 0 1 2 5 3 4 4 3 3 5 5 2 5 1 3
5 2 5 5 3 3 5 3 5 4 4 0 1 4 1 3 4 2 2 0 3 2 0 1 3 5 1 1
4 2 0 4 0 1 1 4 0 5 5 4 2 3 5 3 0 4 1 4 4 4 3 5 1 3 5 1
1 1 1 1 1 1 1 0 0 0 0 0 0 0 0 0 0 0 0 0 0 0 0 0 0 0 0 0
0 0 0 0 0 0 0 1 1 1 0 0 0 0 0 0 0 0 0 0 0 0 0 0 0 0 0 0
0 0 0 0 0 0 0 0 0 0 1 1 1 1 1 1 1 0 0 0 0 0 0 0 0 0 0 0
0 0 0 0 0 0 0 0 0 0 0 0 0 0 0 0 0 1 1 1 1 0 0 0 0 0 0 0
0 0 0 0 0 0 0 0 0 0 0 0 0 0 0 0 0 0 0 0 0 1 1 1 1 1 1 1

5 3 30
4 4 8 6 8
-2 -9 -7 5 9 -10 4 7 -6 5 7 6 -5 5 8 9 2 -7 5 4 -10 2 7 -8 7 -8 6 -9 2 -10
708 702 634 22 62 99 83 -1
4 0 4 1 2 3 5 1 0 3 5 2 3 2 2 0 4 5 2 0 0 1 1 2 0 5 1 1 4 5
4 5 3 1 2 0 2 3 5 0 3 2 0 0 0 0 3 2 3 5 4 0 1 4 0 3 1 4 3 1
5 1 1 0 3 1 3 4 0 1 0 4 0 1 4 2 2 5 1 2 5 1 0 3 3 1 1 5 0 3
1 1 1 1 0 0 0 0 0 0 0 0 0 0 0 0 0 0 0 0 0 0 0 0 0 0 0 0 0 0
0 0 0 0 1 1 1 1 0 0 0 0 0 0 0 0 0 0 0 0 0 0 0 0 0 0 0 0 0 0
0 0 0 0 0 0 0 0 1 1 1 1 1 1 1 1 0 0 0 0 0 0 0 0 0 0 0 0 0 0
0 0 0 0 0 0 0 0 0 0 0 0 0 0 0 0 1 1 1 1 1 1 0 0 0 0 0 0 0 0
0 0 0 0 0 0 0 0 0 0 0 0 0 0 0 0 0 0 0 0 0 0 1 1 1 1 1 1 1 1

5 3 30
6 8 5 6 5
-3 -9 -2 -8 -3 -4 7 7 -1 10 10 -1 -10 0 0 -6 1 7 10 10 9 8 2 1 -1 -9 2 -2 5 0
629 862 822 48 97 76 -1 53
2 4 1 3 5 1 5 5 1 0 2 0 1 0 4 2 2 3 1 2 2 3 2 5 3 0 4 3 3 1
1 0 3 0 1 4 2 2 3 2 3 3 0 5 5 2 4 2 2 3 3 3 0 4 1 3 0 4 3 2
1 4 0 2 5 3 0 1 4 2 0 2 3 3 3 5 4 1 5 3 0 5 2 0 5 5 0 2 5 1
1 1 1 1 1 1 0 0 0 0 0 0 0 0 0 0 0 0 0 0 0 0 0 0 0 0 0 0 0 0
0 0 0 0 0 0 1 1 1 1 1 1 1 1 0 0 0 0 0 0 0 0 0 0 0 0 0 0 0 0
0 0 0 0 0 0 0 0 0 0 0 0 0 0 1 1 1 1 1 0 0 0 0 0 0 0 0 0 0 0
0 0 0 0 0 0 0 0 0 0 0 0 0 0 0 0 0 0 0 1 1 1 1 1 1 0 0 0 0 0
0 0 0 0 0 0 0 0 0 0 0 0 0 0 0 0 0 0 0 0 0 0 0 0 0 1 1 1 1 1

5 3 26
3 7 6 4 6
0 -8 -4 2 -9 -9 1 -3 -6 7 4 2 10 -9 1 -9 -9 4 -5 -10 0 -9 2 -6 -10 5
619 715 562 21 97 76 45 40
1 3 1 4 2 1 3 1 2 4 1 2 0 5 3 2 2 0 3 4 3 1 0 0 1 4
1 4 5 2 3 2 3 5 1 4 2 4 0 3 3 2 5 3 4 3 1 0 4 1 4 2
4 3 2 2 0 0 1 4 0 2 4 2 5 3 1 1 0 1 1 4 0 5 4 5 3 1
1 1 1 0 0 0 0 0 0 0 0 0 0 0 0 0 0 0 0 0 0 0 0 0 0 0
0 0 0 1 1 1 1 1 1 1 0 0 0 0 0 0 0 0 0 0 0 0 0 0 0 0
0 0 0 0 0 0 0 0 0 0 1 1 1 1 1 1 0 0 0 0 0 0 0 0 0 0
0 0 0 0 0 0 0 0 0 0 0 0 0 0 0 0 1 1 1 1 0 0 0 0 0 0
0 0 0 0 0 0 0 0 0 0 0 0 0 0 0 0 0 0 0 0 1 1 1 1 1 1

5 3 28
6 3 4 7 8
6 5 -10 10 10 1 -6 6 1 -8 2 -10 9 -7 6 8 -8 -5 -6 3 9 8 5 9 -2 -6 6 0
766 703 618 65 27 48 52 74
5 4 1 4 0 5 5 5 1 1 4 3 0 0 5 3 5 4 5 2 1 4 2 2 5 0 3 5
3 4 1 3 1 4 2 5 0 3 0 4 1 0 2 3 2 4 3 4 3 1 5 0 4 0 5 4
2 2 2 5 0 2 1 5 2 4 2 5 1 0 0 4 3 2 2 3 3 1 4 1 4 3 0 3
1 1 1 1 1 1 0 0 0 0 0 0 0 0 0 0 0 0 0 0 0 0 0 0 0 0 0 0
0 0 0 0 0 0 1 1 1 0 0 0 0 0 0 0 0 0 0 0 0 0 0 0 0 0 0 0
0 0 0 0 0 0 0 0 0 1 1 1 1 0 0 0 0 0 0 0 0 0 0 0 0 0 0 0
0 0 0 0 0 0 0 0 0 0 0 0 0 1 1 1 1 1 1 1 0 0 0 0 0 0 0 0
0 0 0 0 0 0 0 0 0 0 0 0 0 0 0 0 0 0 0 0 1 1 1 1 1 1 1 1

5 3 31
8 6 7 3 7
-2 -2 -10 -5 10 -1 4 -2 3 -2 -4 -3 -9 -6 -6 10 7 -1 9 10 7 2 7 -5 -8 8 -3 -10 -6 -10 5
730 794 847 96 46 75 11 54
0 5 3 5 4 5 1 2 2 5 4 5 4 1 2 0 1 2 0 0 4 2 1 1 1 5 2 1 5 1 2
1 2 5 4 0 5 1 5 4 0 5 3 5 2 2 0 2 2 1 0 4 4 5 1 2 5 4 5 0 1 5
5 5 1 3 4 2 3 2 3 2 5 1 0 5 2 1 3 2 5 5 1 5 3 4 1 5 5 1 1 0 0
1 1 1 1 1 1 1 1 0 0 0 0 0 0 0 0 0 0 0 0 0 0 0 0 0 0 0 0 0 0 0
0 0 0 0 0 0 0 0 1 1 1 1 1 1 0 0 0 0 0 0 0 0 0 0 0 0 0 0 0 0 0
0 0 0 0 0 0 0 0 0 0 0 0 0 0 1 1 1 1 1 1 1 0 0 0 0 0 0 0 0 0 0
0 0 0 0 0 0 0 0 0 0 0 0 0 0 0 0 0 0 0 0 0 1 1 1 0 0 0 0 0 0 0
0 0 0 0 0 0 0 0 0 0 0 0 0 0 0 0 0 0 0 0 0 0 0 0 1 1 1 1 1 1 1

5 3 27
3 7 7 7 3
-7 -6 7 7 -9 -6 -10 -6 -2 -6 -6 10 2 0 4 7 3 0 7 -7 -3 -7 7 -5 10 -2 -7
675 805 574 32 64 58 58 28
1 2 0 5 5 4 0 0 5 1 1 2 5 4 2 5 3 2 5 3 1 5 2 1 4 4 5
1 3 4 3 2 1 4 3 2 5 5 1 4 4 5 1 4 5 2 4 3 4 5 0 5 5 3
4 3 0 2 2 0 0 3 1 4 1 2 3 0 0 3 3 1 1 3 2 5 5 1 0 1 4
1 1 1 0 0 0 0 0 0 0 0 0 0 0 0 0 0 0 0 0 0 0 0 0 0 0 0
0 0 0 1 1 1 1 1 1 1 0 0 0 0 0 0 0 0 0 0 0 0 0 0 0 0 0
0 0 0 0 0 0 0 0 0 0 1 1 1 1 1 1 1 0 0 0 0 0 0 0 0 0 0
0 0 0 0 0 0 0 0 0 0 0 0 0 0 0 0 0 1 1 1 1 1 1 1 0 0 0
0 0 0 0 0 0 0 0 0 0 0 0 0 0 0 0 0 0 0 0 0 0 0 0 1 1 1

5 3 27
6 4 8 3 6
1 5 4 1 7 -2 6 -1 3 4 8 1 3 -5 -3 8 0 -3 -5 8 -8 0 5 -1 -6 -3 3
768 592 667 -1 23 74 40 76
5 4 5 4 5 2 5 4 4 0 1 0 2 3 2 0 3 3 4 1 4 1 4 3 4 5 5
3 1 1 3 2 5 2 0 1 1 1 2 3 4 2 3 0 1 3 4 2 3 0 4 3 3 1
1 0 3 5 1 4 0 2 4 1 3 2 3 5 5 1 2 1 0 5 5 0 2 5 3 1 1
1 1 1 1 1 1 0 0 0 0 0 0 0 0 0 0 0 0 0 0 0 0 0 0 0 0 0
0 0 0 0 0 0 1 1 1 1 0 0 0 0 0 0 0 0 0 0 0 0 0 0 0 0 0
0 0 0 0 0 0 0 0 0 0 1 1 1 1 1 1 1 1 0 0 0 0 0 0 0 0 0
0 0 0 0 0 0 0 0 0 0 0 0 0 0 0 0 0 0 1 1 1 0 0 0 0 0 0
0 0 0 0 0 0 0 0 0 0 0 0 0 0 0 0 0 0 0 0 0 1 1 1 1 1 1

5 3 25
4 8 6 4 3
4 -9 6 8 3 7 5 -4 2 4 4 -6 -6 -2 -1 4 2 1 7 -3 6 -4 1 2 -2
379 618 609 26 89 63 -1 10
1 4 1 0 5 1 0 1 0 0 5 0 2 3 2 2 4 0 2 4 4 2 2 3 3
3 0 0 4 5 4 3 5 3 0 3 2 1 1 4 5 5 0 0 5 4 3 5 2 0
2 5 3 1 5 0 3 3 1 0 4 2 2 4 1 5 5 4 4 3 2 5 5 1 4
1 1 1 1 0 0 0 0 0 0 0 0 0 0 0 0 0 0 0 0 0 0 0 0 0
0 0 0 0 1 1 1 1 1 1 1 1 0 0 0 0 0 0 0 0 0 0 0 0 0
0 0 0 0 0 0 0 0 0 0 0 0 1 1 1 1 1 1 0 0 0 0 0 0 0
0 0 0 0 0 0 0 0 0 0 0 0 0 0 0 0 0 0 1 1 1 1 0 0 0
0 0 0 0 0 0 0 0 0 0 0 0 0 0 0 0 0 0 0 0 0 0 1 1 1

5 3 27
6 7 4 6 4
-9 -6 -8 5 2 0 -8 -8 10 3 -5 -7 9 -5 4 -1 -9 7 8 9 -10 6 5 2 -2 -9 5
958 719 668 -1 90 51 74 29
3 5 5 3 4 1 1 5 1 2 3 5 1 5 4 0 2 4 3 5 2 0 4 1 4 3 1
3 3 1 4 4 5 1 4 3 2 0 2 1 1 2 5 3 1 4 2 1 5 0 1 0 2 5
1 1 1 2 5 3 0 1 0 1 4 2 4 3 3 2 5 4 0 1 0 4 3 2 0 4 4
1 1 1 1 1 1 0 0 0 0 0 0 0 0 0 0 0 0 0 0 0 0 0 0 0 0 0
0 0 0 0 0 0 1 1 1 1 1 1 1 0 0 0 0 0 0 0 0 0 0 0 0 0 0
0 0 0 0 0 0 0 0 0 0 0 0 0 1 1 1 1 0 0 0 0 0 0 0 0 0 0
0 0 0 0 0 0 0 0 0 0 0 0 0 0 0 0 0 1 1 1 1 1 1 0 0 0 0
0 0 0 0 0 0 0 0 0 0 0 0 0 0 0 0 0 0 0 0 0 0 0 1 1 1 1

5 3 19
4 3 3 4 5
8 6 10 4 -2 5 4 9 -8 9 -7 -7 1 -5 3 -10 -9 7 -8
434 710 570 49 35 46 31 74
2 0 1 0 5 2 5 1 1 0 4 2 0 0 4 4 5 2 2
4 2 0 3 4 5 0 4 1 3 4 0 2 4 3 5 5 1 4
2 5 2 1 4 2 2 3 5 5 0 3 0 0 0 1 1 1 3
1 1 1 1 0 0 0 0 0 0 0 0 0 0 0 0 0 0 0
0 0 0 0 1 1 1 0 0 0 0 0 0 0 0 0 0 0 0
0 0 0 0 0 0 0 1 1 1 0 0 0 0 0 0 0 0 0
0 0 0 0 0 0 0 0 0 0 1 1 1 1 0 0 0 0 0
0 0 0 0 0 0 0 0 0 0 0 0 0 0 1 1 1 1 1

5 3 26
3 8 4 8 3
-1 -9 0 4 3 1 6 5 5 -10 3 -8 -4 -9 1 7 -1 -1 -10 4 -5 -6 9 -4 -4 -5
790 713 755 30 66 51 76 -1
1 0 4 2 4 0 4 5 1 2 4 3 5 3 3 1 3 4 1 5 3 3 4 1 5 3
2 0 0 5 3 1 3 5 5 3 4 2 2 2 0 4 5 5 3 3 3 5 0 4 5 2
4 4 0 1 5 0 3 3 0 5 3 0 4 1 5 5 2 3 3 3 5 2 5 2 1 5
1 1 1 0 0 0 0 0 0 0 0 0 0 0 0 0 0 0 0 0 0 0 0 0 0 0
0 0 0 1 1 1 1 1 1 1 1 0 0 0 0 0 0 0 0 0 0 0 0 0 0 0
0 0 0 0 0 0 0 0 0 0 0 1 1 1 1 0 0 0 0 0 0 0 0 0 0 0
0 0 0 0 0 0 0 0 0 0 0 0 0 0 0 1 1 1 1 1 1 1 1 0 0 0
0 0 0 0 0 0 0 0 0 0 0 0 0 0 0 0 0 0 0 0 0 0 0 1 1 1

5 3 31
8 5 8 4 6
7 5 -9 -9 9 -9 7 -6 -10 10 -9 -6 -10 -7 -6 -3 5 9 -8 -10 4 -3 -9 -10 3 5 8 3 6 9 -7
829 990 895 72 71 67 34 88
0 2 3 5 2 1 4 2 4 1 4 4 3 2 5 2 1 3 0 5 3 5 5 2 2 2 0 4 0 3 4
2 2 2 2 4 3 5 5 3 3 1 3 2 5 1 4 4 0 4 4 5 3 0 2 5 1 2 3 3 0 2
5 1 5 4 1 5 4 3 5 0 1 5 5 0 1 1 5 1 1 1 2 1 3 3 4 4 5 0 3 1 4
1 1 1 1 1 1 1 1 0 0 0 0 0 0 0 0 0 0 0 0 0 0 0 0 0 0 0 0 0 0 0
0 0 0 0 0 0 0 0 1 1 1 1 1 0 0 0 0 0 0 0 0 0 0 0 0 0 0 0 0 0 0
0 0 0 0 0 0 0 0 0 0 0 0 0 1 1 1 1 1 1 1 1 0 0 0 0 0 0 0 0 0 0
0 0 0 0 0 0 0 0 0 0 0 0 0 0 0 0 0 0 0 0 0 1 1 1 1 0 0 0 0 0 0
0 0 0 0 0 0 0 0 0 0 0 0 0 0 0 0 0 0 0 0 0 0 0 0 0 1 1 1 1 1 1

5 3 35
6 7 6 8 8
3 2 4 2 -2 0 4 -2 8 -7 -1 1 0 3 10 1 -8 -8 0 10 -2 2 -8 -7 -9 1 -4 2 -8 -8 0 3 2 5 -5
935 941 1019 73 92 63 81 71
0 3 2 0 2 1 4 4 4 5 4 2 0 4 5 2 1 1 1 4 4 0 0 3 3 5 5 1 0 2 3 5 2 4 2
2 1 2 1 5 0 3 1 0 3 4 5 5 4 4 1 5 4 4 4 3 0 1 3 0 2 1 0 0 2 0 1 2 4 0
4 5 2 3 0 5 5 5 3 5 2 2 2 0 5 0 0 4 5 3 2 3 5 0 0 2 5 3 1 1 4 4 4 2 5
1 1 1 1 1 1 0 0 0 0 0 0 0 0 0 0 0 0 0 0 0 0 0 0 0 0 0 0 0 0 0 0 0 0 0
0 0 0 0 0 0 1 1 1 1 1 1 1 0 0 0 0 0 0 0 0 0 0 0 0 0 0 0 0 0 0 0 0 0 0
0 0 0 0 0 0 0 0 0 0 0 0 0 1 1 1 1 1 1 0 0 0 0 0 0 0 0 0 0 0 0 0 0 0 0
0 0 0 0 0 0 0 0 0 0 0 0 0 0 0 0 0 0 0 1 1 1 1 1 1 1 1 0 0 0 0 0 0 0 0
0 0 0 0 0 0 0 0 0 0 0 0 0 0 0 0 0 0 0 0 0 0 0 0 0 0 0 1 1 1 1 1 1 1 1

5 3 26
7 3 5 3 8
10 7 -8 -9 -10 7 -3 8 10 7 7 0 -1 -7 3 6 7 -3 -10 3 -8 1 -2 1 -8 -6
559 548 630 50 38 46 32 75
3 1 1 0 2 0 0 3 1 3 0 2 3 5 3 3 4 2 1 4 4 4 3 3 3 1
3 3 4 3 2 2 1 0 2 2 2 2 3 0 4 3 2 3 5 2 4 1 3 5 1 0
3 1 0 5 5 3 1 5 0 4 0 1 2 3 5 0 0 5 3 1 5 5 4 0 1 4
1 1 1 1 1 1 1 0 0 0 0 0 0 0 0 0 0 0 0 0 0 0 0 0 0 0
0 0 0 0 0 0 0 1 1 1 0 0 0 0 0 0 0 0 0 0 0 0 0 0 0 0
0 0 0 0 0 0 0 0 0 0 1 1 1 1 1 0 0 0 0 0 0 0 0 0 0 0
0 0 0 0 0 0 0 0 0 0 0 0 0 0 0 1 1 1 0 0 0 0 0 0 0 0
0 0 0 0 0 0 0 0 0 0 0 0 0 0 0 0 0 0 1 1 1 1 1 1 1 1

5 3 27
3 8 8 5 3
-1 2 5 1 -8 -1 3 5 -2 -10 -4 -7 9 10 5 4 -3 -6 6 -9 -1 8 10 -3 1 3 -10
640 635 588 33 82 82 34 36
5 3 1 5 5 3 5 2 1 0 2 2 4 2 5 0 5 1 3 3 0 4 1 5 3 2 0
4 0 4 4 0 1 5 1 2 5 1 2 3 2 0 4 4 0 4 4 4 5 4 3 0 3 2
1 3 2 1 4 5 0 5 2 0 2 4 1 0 1 1 4 5 5 5 1 3 1 3 1 1 0
1 1 1 0 0 0 0 0 0 0 0 0 0 0 0 0 0 0 0 0 0 0 0 0 0 0 0
0 0 0 1 1 1 1 1 1 1 1 0 0 0 0 0 0 0 0 0 0 0 0 0 0 0 0
0 0 0 0 0 0 0 0 0 0 0 1 1 1 1 1 1 1 1 0 0 0 0 0 0 0 0
0 0 0 0 0 0 0 0 0 0 0 0 0 0 0 0 0 0 0 1 1 1 1 1 0 0 0
0 0 0 0 0 0 0 0 0 0 0 0 0 0 0 0 0 0 0 0 0 0 0 0 1 1 1

5 3 32
8 6 3 7 8
8 -4 8 5 -1 8 -8 8 -1 3 -10 -3 3 3 7 1 -5 6 6 -8 9 -3 -8 -3 6 -1 -8 4 1 -7 -9 5
683 727 623 89 43 26 33 65
5 3 0 4 3 3 4 0 0 0 4 4 5 0 0 4 0 0 0 4 5 4 2 0 3 4 5 2 2 4 4 3
3 4 3 5 4 3 4 3 5 5 0 2 4 5 0 3 4 1 2 2 4 0 4 3 1 3 4 4 1 5 3 1
5 5 3 4 5 3 2 1 0 3 4 4 0 1 1 1 5 1 1 2 3 4 0 4 2 1 3 4 3 4 1 1
1 1 1 1 1 1 1 1 0 0 0 0 0 0 0 0 0 0 0 0 0 0 0 0 0 0 0 0 0 0 0 0
0 0 0 0 0 0 0 0 1 1 1 1 1 1 0 0 0 0 0 0 0 0 0 0 0 0 0 0 0 0 0 0
0 0 0 0 0 0 0 0 0 0 0 0 0 0 1 1 1 0 0 0 0 0 0 0 0 0 0 0 0 0 0 0
0 0 0 0 0 0 0 0 0 0 0 0 0 0 0 0 0 1 1 1 1 1 1 1 0 0 0 0 0 0 0 0
0 0 0 0 0 0 0 0 0 0 0 0 0 0 0 0 0 0 0 0 0 0 0 0 1 1 1 1 1 1 1 1

5 3 27
6 7 6 5 3
5 -5 -6 -2 3 -1 8 5 0 -5 -8 5 -1 5 -6 6 10 7 3 -1 2 -6 4 2 -10 2 3
612 614 601 43 63 53 -1 44
3 2 5 3 5 4 2 5 3 0 3 0 5 2 4 4 2 1 0 3 2 1 4 1 3 1 2
2 5 1 3 2 0 5 5 0 3 0 1 2 4 2 4 4 5 5 5 0 0 0 0 4 5 5
1 3 1 2 1 2 2 2 2 0 5 3 2 4 5 4 1 1 1 5 2 2 4 2 2 2 0
1 1 1 1 1 1 0 0 0 0 0 0 0 0 0 0 0 0 0 0 0 0 0 0 0 0 0
0 0 0 0 0 0 1 1 1 1 1 1 1 0 0 0 0 0 0 0 0 0 0 0 0 0 0
0 0 0 0 0 0 0 0 0 0 0 0 0 1 1 1 1 1 1 0 0 0 0 0 0 0 0
0 0 0 0 0 0 0 0 0 0 0 0 0 0 0 0 0 0 0 1 1 1 1 1 0 0 0
0 0 0 0 0 0 0 0 0 0 0 0 0 0 0 0 0 0 0 0 0 0 0 0 1 1 1

5 3 27
4 4 6 5 8
-7 -6 1 6 -9 8 7 -1 9 -10 10 7 10 9 -10 1 -10 2 0 -9 -6 10 6 3 -9 -9 -3
700 633 830 -1 31 76 60 86
5 4 0 5 0 2 3 4 3 2 3 1 4 0 1 0 0 5 4 2 5 3 5 0 1 3 5
3 0 3 4 2 2 4 0 1 3 0 4 3 3 0 0 2 0 2 3 0 1 5 3 2 3 4
5 1 1 5 3 1 3 1 0 2 0 3 5 3 5 4 5 5 0 2 5 3 2 2 1 1 4
1 1 1 1 0 0 0 0 0 0 0 0 0 0 0 0 0 0 0 0 0 0 0 0 0 0 0
0 0 0 0 1 1 1 1 0 0 0 0 0 0 0 0 0 0 0 0 0 0 0 0 0 0 0
0 0 0 0 0 0 0 0 1 1 1 1 1 1 0 0 0 0 0 0 0 0 0 0 0 0 0
0 0 0 0 0 0 0 0 0 0 0 0 0 0 1 1 1 1 1 0 0 0 0 0 0 0 0
0 0 0 0 0 0 0 0 0 0 0 0 0 0 0 0 0 0 0 1 1 1 1 1 1 1 1

5 3 26
8 3 5 5 5
3 10 4 -9 8 -1 -10 -4 4 6 -4 -7 -1 1 -2 5 -5 4 9 2 -9 -7 -6 5 -9 -6
716 507 604 78 36 -1 40 64
2 5 1 4 0 0 0 5 0 4 5 5 4 5 3 4 2 3 4 5 0 1 5 2 3 3
5 1 2 5 4 2 3 0 1 0 0 5 4 0 3 5 5 1 0 0 0 4 0 2 3 2
5 2 3 5 1 2 2 0 0 2 1 1 2 0 0 2 4 3 2 4 3 1 5 5 3 0
1 1 1 1 1 1 1 1 0 0 0 0 0 0 0 0 0 0 0 0 0 0 0 0 0 0
0 0 0 0 0 0 0 0 1 1 1 0 0 0 0 0 0 0 0 0 0 0 0 0 0 0
0 0 0 0 0 0 0 0 0 0 0 1 1 1 1 1 0 0 0 0 0 0 0 0 0 0
0 0 0 0 0 0 0 0 0 0 0 0 0 0 0 0 1 1 1 1 1 0 0 0 0 0
0 0 0 0 0 0 0 0 0 0 0 0 0 0 0 0 0 0 0 0 0 1 1 1 1 1

5 3 29
3 7 4 8 7
6 0 -7 8 1 5 5 9 -7 -5 2 2 4 2 1 -9 5 0 0 -3 -6 6 9 -4 -2 5 -10 -6 -8
1010 740 781 47 72 18 84 112
3 4 3 3 0 3 4 1 5 5 0 2 3 3 5 5 2 3 2 4 5 2 2 5 4 4 4 1 0
3 0 5 1 0 1 4 2 0 4 1 3 0 4 4 4 0 0 1 5 4 2 1 1 2 1 3 5 2
5 1 0 0 2 5 0 2 5 3 2 4 2 1 2 5 1 2 2 0 3 0 1 2 5 1 4 5 3
1 1 1 0 0 0 0 0 0 0 0 0 0 0 0 0 0 0 0 0 0 0 0 0 0 0 0 0 0
0 0 0 1 1 1 1 1 1 1 0 0 0 0 0 0 0 0 0 0 0 0 0 0 0 0 0 0 0
0 0 0 0 0 0 0 0 0 0 1 1 1 1 0 0 0 0 0 0 0 0 0 0 0 0 0 0 0
0 0 0 0 0 0 0 0 0 0 0 0 0 0 1 1 1 1 1 1 1 1 0 0 0 0 0 0 0
0 0 0 0 0 0 0 0 0 0 0 0 0 0 0 0 0 0 0 0 0 0 1 1 1 1 1 1 1

5 3 27
5 5 3 7 7
0 3 -8 -6 -8 1 3 0 1 -9 -8 8 0 -4 -9 8 -1 8 6 9 10 -1 2 5 2 -5 10
651 500 672 19 32 46 96 73
4 3 0 1 4 0 4 3 2 0 3 3 5 5 1 4 1 3 1 2 4 1 3 2 0 3 2
1 1 4 2 0 5 3 2 5 4 1 2 2 3 0 1 3 1 0 3 0 1 0 0 2 2 5
4 4 1 4 5 1 4 1 2 3 2 3 1 3 2 3 4 2 0 1 0 4 1 5 4 3 5
1 1 1 1 1 0 0 0 0 0 0 0 0 0 0 0 0 0 0 0 0 0 0 0 0 0 0
0 0 0 0 0 1 1 1 1 1 0 0 0 0 0 0 0 0 0 0 0 0 0 0 0 0 0
0 0 0 0 0 0 0 0 0 0 1 1 1 0 0 0 0 0 0 0 0 0 0 0 0 0 0
0 0 0 0 0 0 0 0 0 0 0 0 0 1 1 1 1 1 1 1 0 0 0 0 0 0 0
0 0 0 0 0 0 0 0 0 0 0 0 0 0 0 0 0 0 0 0 1 1 1 1 1 1 1

5 3 30
7 8 3 5 7
9 0 9 6 0 -4 -10 -5 6 -9 -7 5 1 3 7 -8 6 2 -6 -10 -1 8 -1 2 0 5 5 4 10 5
794 952 633 -1 64 44 66 69
4 0 5 2 2 4 0 0 5 5 1 2 0 5 1 0 3 3 4 5 2 3 2 3 5 2 3 2 3 5
3 3 1 3 5 4 5 1 4 4 2 5 4 4 5 1 1 1 5 3 0 5 0 5 3 3 2 2 3 4
5 5 3 3 4 1 0 4 1 0 0 0 0 2 5 1 0 4 5 2 5 1 3 2 0 0 2 5 0 4
1 1 1 1 1 1 1 0 0 0 0 0 0 0 0 0 0 0 0 0 0 0 0 0 0 0 0 0 0 0
0 0 0 0 0 0 0 1 1 1 1 1 1 1 1 0 0 0 0 0 0 0 0 0 0 0 0 0 0 0
0 0 0 0 0 0 0 0 0 0 0 0 0 0 0 1 1 1 0 0 0 0 0 0 0 0 0 0 0 0
0 0 0 0 0 0 0 0 0 0 0 0 0 0 0 0 0 0 1 1 1 1 1 0 0 0 0 0 0 0
0 0 0 0 0 0 0 0 0 0 0 0 0 0 0 0 0 0 0 0 0 0 0 1 1 1 1 1 1 1

5 3 31
6 8 5 4 8
-9 -1 -10 -1 0 2 8 -1 5 -9 9 4 -7 -1 -6 5 -4 -8 -4 10 8 2 -1 -4 -10 -3 -1 5 -7 4 1
587 866 690 60 71 55 23 70
5 1 2 1 1 5 5 3 0 1 2 4 0 1 3 1 4 4 1 3 4 3 0 4 1 4 5 0 4 0 0
3 5 4 0 5 5 1 3 1 2 5 4 4 4 2 3 3 1 4 5 1 3 5 2 4 2 2 4 2 1 1
4 4 3 1 0 2 1 5 5 4 4 4 1 0 0 0 4 2 4 4 5 5 2 2 4 1 3 2 4 0 0
1 1 1 1 1 1 0 0 0 0 0 0 0 0 0 0 0 0 0 0 0 0 0 0 0 0 0 0 0 0 0
0 0 0 0 0 0 1 1 1 1 1 1 1 1 0 0 0 0 0 0 0 0 0 0 0 0 0 0 0 0 0
0 0 0 0 0 0 0 0 0 0 0 0 0 0 1 1 1 1 1 0 0 0 0 0 0 0 0 0 0 0 0
0 0 0 0 0 0 0 0 0 0 0 0 0 0 0 0 0 0 0 1 1 1 1 0 0 0 0 0 0 0 0
0 0 0 0 0 0 0 0 0 0 0 0 0 0 0 0 0 0 0 0 0 0 0 1 1 1 1 1 1 1 1

5 3 24
6 3 8 3 4
-2 7 -8 -10 7 8 0 -3 7 -2 -10 3 -7 -6 -3 6 -2 9 0 5 4 -10 -4 -3
532 381 398 61 -1 56 28 16
4 0 4 2 4 4 5 5 1 0 2 3 3 1 0 2 0 5 4 5 0 0 0 4
3 4 0 2 0 4 0 0 5 2 1 3 3 5 1 5 3 5 1 2 1 2 0 0
4 1 3 4 1 3 3 3 4 2 0 1 0 5 2 0 0 1 1 1 5 5 1 1
1 1 1 1 1 1 0 0 0 0 0 0 0 0 0 0 0 0 0 0 0 0 0 0
0 0 0 0 0 0 1 1 1 0 0 0 0 0 0 0 0 0 0 0 0 0 0 0
0 0 0 0 0 0 0 0 0 1 1 1 1 1 1 1 1 0 0 0 0 0 0 0
0 0 0 0 0 0 0 0 0 0 0 0 0 0 0 0 0 1 1 1 0 0 0 0
0 0 0 0 0 0 0 0 0 0 0 0 0 0 0 0 0 0 0 0 1 1 1 1

5 3 35
8 5 8 7 7
-8 9 -10 4 -9 -7 2 -2 -6 1 9 -8 1 -2 -7 8 8 -6 -9 9 4 10 -5 1 0 -10 9 0 10 1 6 8 0 2 -2
795 679 1044 66 -1 102 86 43
0 3 3 0 1 5 2 1 5 1 2 2 4 2 0 4 4 1 4 3 2 2 0 2 1 5 0 5 0 2 3 1 1 5 4
5 3 0 1 3 5 0 0 5 0 5 0 0 3 0 0 3 0 1 0 2 5 0 4 4 0 2 3 4 1 0 0 3 3 2
1 3 0 1 5 5 0 1 1 0 2 5 1 2 5 4 4 2 3 4 5 2 1 5 3 2 3 0 0 4 5 5 4 1 2
1 1 1 1 1 1 1 1 0 0 0 0 0 0 0 0 0 0 0 0 0 0 0 0 0 0 0 0 0 0 0 0 0 0 0
0 0 0 0 0 0 0 0 1 1 1 1 1 0 0 0 0 0 0 0 0 0 0 0 0 0 0 0 0 0 0 0 0 0 0
0 0 0 0 0 0 0 0 0 0 0 0 0 1 1 1 1 1 1 1 1 0 0 0 0 0 0 0 0 0 0 0 0 0 0
0 0 0 0 0 0 0 0 0 0 0 0 0 0 0 0 0 0 0 0 0 1 1 1 1 1 1 1 0 0 0 0 0 0 0
0 0 0 0 0 0 0 0 0 0 0 0 0 0 0 0 0 0 0 0 0 0 0 0 0 0 0 0 1 1 1 1 1 1 1

5 3 24
4 5 5 5 5
10 4 10 2 -5 -3 9 3 4 2 5 -2 6 -1 -9 -9 -9 5 -3 6 5 6 -2 2
549 660 458 41 39 55 67 61
1 0 2 1 5 2 1 2 0 2 2 2 4 5 4 2 0 3 4 2 3 2 0 2
1 1 1 4 2 3 2 3 3 1 2 0 2 2 1 0 5 5 1 2 3 5 5 2
2 4 4 1 2 5 0 5 1 3 4 1 4 0 0 1 0 0 1 3 0 0 1 5
1 1 1 1 0 0 0 0 0 0 0 0 0 0 0 0 0 0 0 0 0 0 0 0
0 0 0 0 1 1 1 1 1 0 0 0 0 0 0 0 0 0 0 0 0 0 0 0
0 0 0 0 0 0 0 0 0 1 1 1 1 1 0 0 0 0 0 0 0 0 0 0
0 0 0 0 0 0 0 0 0 0 0 0 0 0 1 1 1 1 1 0 0 0 0 0
0 0 0 0 0 0 0 0 0 0 0 0 0 0 0 0 0 0 0 1 1 1 1 1

5 3 32
7 8 5 7 5
-6 -6 -8 -7 3 -6 -2 -4 -9 3 5 8 -3 -6 -6 7 -2 -10 4 1 -1 -5 9 -2 7 10 -4 4 1 10 4 10
769 877 800 99 75 23 -1 69
2 3 0 1 2 4 1 2 3 1 5 2 5 3 2 4 3 1 0 1 4 2 3 0 5 5 0 3 3 2 3 5
4 4 5 2 3 1 3 4 4 1 2 0 3 4 3 3 2 3 3 3 5 3 3 0 5 3 0 3 3 5 1 2
2 2 4 1 4 4 1 5 4 5 3 4 5 0 5 3 4 1 4 1 3 4 1 5 4 4 0 0 1 2 4 0
1 1 1 1 1 1 1 0 0 0 0 0 0 0 0 0 0 0 0 0 0 0 0 0 0 0 0 0 0 0 0 0
0 0 0 0 0 0 0 1 1 1 1 1 1 1 1 0 0 0 0 0 0 0 0 0 0 0 0 0 0 0 0 0
0 0 0 0 0 0 0 0 0 0 0 0 0 0 0 1 1 1 1 1 0 0 0 0 0 0 0 0 0 0 0 0
0 0 0 0 0 0 0 0 0 0 0 0 0 0 0 0 0 0 0 0 1 1 1 1 1 1 1 0 0 0 0 0
0 0 0 0 0 0 0 0 0 0 0 0 0 0 0 0 0 0 0 0 0 0 0 0 0 0 0 1 1 1 1 1

5 3 28
4 5 7 7 5
7 8 7 7 8 -2 10 -4 -10 6 10 9 9 -10 7 7 3 1 2 3 1 9 9 -7 -2 2 -3 -3
440 631 517 56 54 39 39 48
0 4 1 0 0 3 5 4 2 2 1 3 1 2 3 3 5 5 1 1 0 0 3 0 2 2 1 1
5 5 2 5 3 0 0 4 0 0 5 5 2 3 0 4 4 1 5 1 0 5 3 5 1 2 5 1
3 2 1 3 2 3 0 3 0 0 0 5 2 2 5 3 3 2 3 2 4 2 0 1 1 2 5 0
1 1 1 1 0 0 0 0 0 0 0 0 0 0 0 0 0 0 0 0 0 0 0 0 0 0 0 0
0 0 0 0 1 1 1 1 1 0 0 0 0 0 0 0 0 0 0 0 0 0 0 0 0 0 0 0
0 0 0 0 0 0 0 0 0 1 1 1 1 1 1 1 0 0 0 0 0 0 0 0 0 0 0 0
0 0 0 0 0 0 0 0 0 0 0 0 0 0 0 0 1 1 1 1 1 1 1 0 0 0 0 0
0 0 0 0 0 0 0 0 0 0 0 0 0 0 0 0 0 0 0 0 0 0 0 1 1 1 1 1

5 3 30
6 3 6 7 8
7 2 6 2 -10 -2 -3 -4 1 0 -7 4 -6 -5 -1 -3 1 2 -10 8 -9 -3 2 -8 -2 4 -6 -4 -4 -10
691 598 675 -1 20 79 79 45
5 1 1 2 0 2 4 3 1 4 3 3 4 5 2 1 0 3 1 2 5 1 2 1 1 1 0 0 3 4
3 1 1 0 1 0 3 5 2 0 3 5 2 1 2 4 2 1 1 5 0 2 3 2 1 3 3 1 5 2
0 2 0 4 5 2 5 0 1 0 0 2 3 1 3 5 0 0 3 2 2 5 5 5 5 0 1 1 1 4
1 1 1 1 1 1 0 0 0 0 0 0 0 0 0 0 0 0 0 0 0 0 0 0 0 0 0 0 0 0
0 0 0 0 0 0 1 1 1 0 0 0 0 0 0 0 0 0 0 0 0 0 0 0 0 0 0 0 0 0
0 0 0 0 0 0 0 0 0 1 1 1 1 1 1 0 0 0 0 0 0 0 0 0 0 0 0 0 0 0
0 0 0 0 0 0 0 0 0 0 0 0 0 0 0 1 1 1 1 1 1 1 0 0 0 0 0 0 0 0
0 0 0 0 0 0 0 0 0 0 0 0 0 0 0 0 0 0 0 0 0 0 1 1 1 1 1 1 1 1

5 3 25
5 5 6 4 5
-10 2 -9 -7 4 9 -1 -1 8 9 6 0 -1 3 -3 4 6 1 1 5 -7 -10 3 0 1
617 487 714 39 -1 45 35 49
3 5 0 2 5 0 4 3 4 5 2 5 4 4 5 0 0 3 5 1 1 3 5 1 1
1 4 3 3 2 0 4 1 4 0 2 0 0 5 1 1 2 2 1 2 4 3 0 4 3
4 4 5 5 2 5 0 4 2 4 3 5 4 5 4 2 2 3 2 4 5 5 1 2 4
1 1 1 1 1 0 0 0 0 0 0 0 0 0 0 0 0 0 0 0 0 0 0 0 0
0 0 0 0 0 1 1 1 1 1 0 0 0 0 0 0 0 0 0 0 0 0 0 0 0
0 0 0 0 0 0 0 0 0 0 1 1 1 1 1 1 0 0 0 0 0 0 0 0 0
0 0 0 0 0 0 0 0 0 0 0 0 0 0 0 0 1 1 1 1 0 0 0 0 0
0 0 0 0 0 0 0 0 0 0 0 0 0 0 0 0 0 0 0 0 1 1 1 1 1

5 3 26
7 7 4 5 3
4 6 2 0 -4 -6 1 10 4 -1 -2 -2 3 1 -2 0 7 -4 -4 4 9 -2 9 6 8 5
649 613 503 77 76 66 -1 17
5 3 1 1 3 2 0 2 3 4 0 4 0 3 4 4 0 4 4 1 1 4 5 4 2 1
5 0 5 1 3 5 1 4 4 1 1 4 3 3 1 0 3 0 5 3 0 5 1 4 1 5
2 0 0 5 0 5 2 0 4 0 2 1 3 0 2 0 1 4 5 0 4 2 2 0 4 4
1 1 1 1 1 1 1 0 0 0 0 0 0 0 0 0 0 0 0 0 0 0 0 0 0 0
0 0 0 0 0 0 0 1 1 1 1 1 1 1 0 0 0 0 0 0 0 0 0 0 0 0
0 0 0 0 0 0 0 0 0 0 0 0 0 0 1 1 1 1 0 0 0 0 0 0 0 0
0 0 0 0 0 0 0 0 0 0 0 0 0 0 0 0 0 0 1 1 1 1 1 0 0 0
0 0 0 0 0 0 0 0 0 0 0 0 0 0 0 0 0 0 0 0 0 0 0 1 1 1

5 3 27
7 4 4 8 4
6 -7 1 6 8 -5 -10 2 9 7 6 -9 -2 -2 -6 -3 3 4 -10 2 2 10 8 5 2 5 -9
590 672 630 -1 18 25 79 38
5 3 2 3 5 4 5 3 3 3 0 0 4 3 5 2 3 2 1 5 0 0 5 0 5 5 1
5 4 5 0 3 4 5 4 1 1 0 3 0 0 1 0 2 4 5 5 3 5 4 0 1 5 2
2 0 2 3 3 5 5 1 5 0 5 3 0 1 5 4 2 3 0 3 1 2 4 4 3 3 4
1 1 1 1 1 1 1 0 0 0 0 0 0 0 0 0 0 0 0 0 0 0 0 0 0 0 0
0 0 0 0 0 0 0 1 1 1 1 0 0 0 0 0 0 0 0 0 0 0 0 0 0 0 0
0 0 0 0 0 0 0 0 0 0 0 1 1 1 1 0 0 0 0 0 0 0 0 0 0 0 0
0 0 0 0 0 0 0 0 0 0 0 0 0 0 0 1 1 1 1 1 1 1 1 0 0 0 0
0 0 0 0 0 0 0 0 0 0 0 0 0 0 0 0 0 0 0 0 0 0 0 1 1 1 1

5 3 33
7 8 8 4 6
-3 5 10 -7 5 1 -6 4 10 4 7 7 3 9 -6 1 1 -2 3 7 -8 5 1 2 0 -4 6 -4 -2 -3 6 3 -7
797 820 848 -1 84 97 10 55
5 5 0 5 2 3 4 2 3 5 0 2 1 1 1 1 4 5 2 4 3 3 2 2 2 1 3 5 3 0 1 2 0
1 4 3 1 3 4 0 4 3 2 4 4 0 0 5 3 5 3 0 2 0 2 1 3 0 4 5 3 1 4 3 5 1
2 5 2 2 5 4 3 2 4 2 1 0 5 2 5 1 1 2 2 5 4 2 1 2 3 2 1 0 3 2 4 0 1
1 1 1 1 1 1 1 0 0 0 0 0 0 0 0 0 0 0 0 0 0 0 0 0 0 0 0 0 0 0 0 0 0
0 0 0 0 0 0 0 1 1 1 1 1 1 1 1 0 0 0 0 0 0 0 0 0 0 0 0 0 0 0 0 0 0
0 0 0 0 0 0 0 0 0 0 0 0 0 0 0 1 1 1 1 1 1 1 1 0 0 0 0 0 0 0 0 0 0
0 0 0 0 0 0 0 0 0 0 0 0 0 0 0 0 0 0 0 0 0 0 0 1 1 1 1 0 0 0 0 0 0
0 0 0 0 0 0 0 0 0 0 0 0 0 0 0 0 0 0 0 0 0 0 0 0 0 0 0 1 1 1 1 1 1

5 3 30
7 6 7 3 7
-1 -7 -9 -1 7 7 4 -3 9 -7 -8 2 1 10 -2 -7 -9 -1 -4 0 -8 7 7 -9 -10 3 -4 10 -9 -5
677 740 726 52 67 86 25 62
1 4 3 3 1 2 1 2 3 0 1 5 4 4 2 3 0 3 3 1 3 3 3 1 1 5 4 4 0 0
4 5 0 4 4 5 0 2 3 5 0 4 5 0 0 0 1 4 4 0 3 3 5 1 0 5 2 5 2 0
1 5 1 3 2 0 5 4 4 0 2 0 3 3 1 5 4 0 2 5 2 1 4 0 3 5 4 5 2 2
1 1 1 1 1 1 1 0 0 0 0 0 0 0 0 0 0 0 0 0 0 0 0 0 0 0 0 0 0 0
0 0 0 0 0 0 0 1 1 1 1 1 1 0 0 0 0 0 0 0 0 0 0 0 0 0 0 0 0 0
0 0 0 0 0 0 0 0 0 0 0 0 0 1 1 1 1 1 1 1 0 0 0 0 0 0 0 0 0 0
0 0 0 0 0 0 0 0 0 0 0 0 0 0 0 0 0 0 0 0 1 1 1 0 0 0 0 0 0 0
0 0 0 0 0 0 0 0 0 0 0 0 0 0 0 0 0 0 0 0 0 0 0 1 1 1 1 1 1 1

5 3 24
3 8 4 5 4
8 2 -2 8 -7 -1 8 6 9 -4 7 -4 -2 0 10 4 10 3 -1 3 10 -4 -3 4
586 496 398 27 59 32 21 50
0 2 4 1 0 5 2 4 2 3 0 2 3 0 4 0 3 4 5 4 2 4 4 4
3 5 4 1 4 2 0 1 4 1 3 5 1 1 3 0 2 3 3 1 5 3 2 4
3 4 2 5 0 0 2 1 5 5 4 0 5 1 1 1 3 3 0 4 2 2 3 3
1 1 1 0 0 0 0 0 0 0 0 0 0 0 0 0 0 0 0 0 0 0 0 0
0 0 0 1 1 1 1 1 1 1 1 0 0 0 0 0 0 0 0 0 0 0 0 0
0 0 0 0 0 0 0 0 0 0 0 1 1 1 1 0 0 0 0 0 0 0 0 0
0 0 0 0 0 0 0 0 0 0 0 0 0 0 0 1 1 1 1 1 0 0 0 0
0 0 0 0 0 0 0 0 0 0 0 0 0 0 0 0 0 0 0 0 1 1 1 1

5 3 29
3 6 5 8 7
-4 -2 -4 -2 3 1 -2 7 -10 5 -10 0 0 2 -5 -2 -4 8 5 -4 0 -2 -3 1 7 6 1 3 0
668 731 797 -1 77 25 53 76
1 0 1 1 3 2 5 2 4 5 2 3 0 3 1 5 5 3 4 2 1 4 5 3 3 1 5 1 5
3 0 3 2 5 0 2 4 5 1 0 3 5 5 5 2 4 1 4 3 4 2 5 0 0 2 5 2 4
0 5 5 5 3 2 4 3 1 0 2 1 5 3 0 3 5 4 1 3 4 0 4 2 1 3 2 4 0
1 1 1 0 0 0 0 0 0 0 0 0 0 0 0 0 0 0 0 0 0 0 0 0 0 0 0 0 0
0 0 0 1 1 1 1 1 1 0 0 0 0 0 0 0 0 0 0 0 0 0 0 0 0 0 0 0 0
0 0 0 0 0 0 0 0 0 1 1 1 1 1 0 0 0 0 0 0 0 0 0 0 0 0 0 0 0
0 0 0 0 0 0 0 0 0 0 0 0 0 0 1 1 1 1 1 1 1 1 0 0 0 0 0 0 0
0 0 0 0 0 0 0 0 0 0 0 0 0 0 0 0 0 0 0 0 0 0 1 1 1 1 1 1 1

5 3 27
3 8 5 4 7
-2 8 -10 -1 5 -8 4 -8 -3 -7 1 -5 -9 10 -4 0 -8 -10 3 10 10 10 -9 -1 4 -8 5
836 742 649 -1 106 32 51 72
2 1 2 3 0 0 1 4 1 0 3 5 4 2 5 0 5 5 0 5 3 3 5 4 1 1 4
3 4 1 4 0 1 1 1 1 3 5 4 4 2 2 5 4 5 2 1 0 3 0 1 4 0 3
4 1 0 3 0 5 3 0 0 2 1 0 1 1 1 5 1 4 3 4 5 2 4 0 0 1 5
1 1 1 0 0 0 0 0 0 0 0 0 0 0 0 0 0 0 0 0 0 0 0 0 0 0 0
0 0 0 1 1 1 1 1 1 1 1 0 0 0 0 0 0 0 0 0 0 0 0 0 0 0 0
0 0 0 0 0 0 0 0 0 0 0 1 1 1 1 1 0 0 0 0 0 0 0 0 0 0 0
0 0 0 0 0 0 0 0 0 0 0 0 0 0 0 0 1 1 1 1 0 0 0 0 0 0 0
0 0 0 0 0 0 0 0 0 0 0 0 0 0 0 0 0 0 0 0 1 1 1 1 1 1 1

5 3 29
3 4 7 8 7
-10 10 3 6 2 7 -3 10 -3 -10 -7 -1 5 8 1 -1 -9 10 -10 -9 -3 -3 -8 -9 9 6 -6 8 2
648 641 561 18 56 84 45 38
1 1 2 4 2 1 4 4 4 3 5 0 2 3 5 0 5 0 1 2 3 5 1 4 0 5 2 0 2
5 5 3 4 3 5 2 5 0 2 4 4 2 2 4 3 0 2 2 5 0 4 2 2 0 0 1 5 1
4 3 4 1 3 4 2 4 3 0 2 1 0 4 2 1 4 3 5 1 0 2 1 2 4 4 3 0 2
1 1 1 0 0 0 0 0 0 0 0 0 0 0 0 0 0 0 0 0 0 0 0 0 0 0 0 0 0
0 0 0 1 1 1 1 0 0 0 0 0 0 0 0 0 0 0 0 0 0 0 0 0 0 0 0 0 0
0 0 0 0 0 0 0 1 1 1 1 1 1 1 0 0 0 0 0 0 0 0 0 0 0 0 0 0 0
0 0 0 0 0 0 0 0 0 0 0 0 0 0 1 1 1 1 1 1 1 1 0 0 0 0 0 0 0
0 0 0 0 0 0 0 0 0 0 0 0 0 0 0 0 0 0 0 0 0 0 1 1 1 1 1 1 1

5 3 29
7 8 4 6 4
4 -6 3 -4 -1 9 -8 7 3 -6 -8 -9 -4 7 -3 0 -9 4 -4 9 2 2 3 -10 -10 7 -7 7 2
697 564 350 -1 83 14 51 34
5 4 0 5 0 2 3 3 4 4 4 4 1 5 4 1 4 0 3 3 4 3 3 2 0 5 3 3 1
4 4 1 3 0 1 0 2 2 3 2 4 3 3 5 5 2 1 0 2 4 3 1 2 0 2 0 2 5
3 2 0 0 5 0 0 1 0 2 0 0 0 1 3 4 0 1 1 0 4 2 0 5 3 3 2 4 1
1 1 1 1 1 1 1 0 0 0 0 0 0 0 0 0 0 0 0 0 0 0 0 0 0 0 0 0 0
0 0 0 0 0 0 0 1 1 1 1 1 1 1 1 0 0 0 0 0 0 0 0 0 0 0 0 0 0
0 0 0 0 0 0 0 0 0 0 0 0 0 0 0 1 1 1 1 0 0 0 0 0 0 0 0 0 0
0 0 0 0 0 0 0 0 0 0 0 0 0 0 0 0 0 0 0 1 1 1 1 1 1 0 0 0 0
0 0 0 0 0 0 0 0 0 0 0 0 0 0 0 0 0 0 0 0 0 0 0 0 0 1 1 1 1

5 3 32
6 7 6 7 6
10 -7 -4 7 6 -5 5 8 0 -1 2 -10 -9 -4 -4 9 -5 5 2 -2 8 8 -8 1 5 7 -2 -4 1 5 6 -5
997 962 706 73 68 -1 71 58
1 5 5 4 4 3 1 1 4 1 3 2 0 1 2 2 0 1 3 4 0 4 4 5 1 5 3 4 4 4 4 5
3 4 5 1 4 4 1 2 2 1 5 5 0 1 5 3 4 0 5 0 3 0 5 1 3 4 0 0 2 4 5 1
2 4 2 2 0 4 0 5 0 0 4 3 3 0 2 4 1 2 1 1 1 0 3 3 1 1 3 5 3 1 5 4
1 1 1 1 1 1 0 0 0 0 0 0 0 0 0 0 0 0 0 0 0 0 0 0 0 0 0 0 0 0 0 0
0 0 0 0 0 0 1 1 1 1 1 1 1 0 0 0 0 0 0 0 0 0 0 0 0 0 0 0 0 0 0 0
0 0 0 0 0 0 0 0 0 0 0 0 0 1 1 1 1 1 1 0 0 0 0 0 0 0 0 0 0 0 0 0
0 0 0 0 0 0 0 0 0 0 0 0 0 0 0 0 0 0 0 1 1 1 1 1 1 1 0 0 0 0 0 0
0 0 0 0 0 0 0 0 0 0 0 0 0 0 0 0 0 0 0 0 0 0 0 0 0 0 1 1 1 1 1 1

5 3 25
7 4 3 5 6
3 -3 5 -6 6 5 -10 0 -10 -7 10 4 0 -7 1 -3 6 6 2 -3 -10 -7 4 5 -7
589 588 461 95 35 12 78 39
0 3 3 1 3 5 3 0 1 5 1 1 5 5 5 0 3 4 3 1 0 5 1 1 5
5 4 1 4 3 4 4 0 2 2 4 0 2 1 3 2 0 2 1 0 5 1 3 3 4
0 2 2 3 4 3 1 1 4 2 1 1 2 0 0 5 1 1 0 5 0 2 2 0 0
1 1 1 1 1 1 1 0 0 0 0 0 0 0 0 0 0 0 0 0 0 0 0 0 0
0 0 0 0 0 0 0 1 1 1 1 0 0 0 0 0 0 0 0 0 0 0 0 0 0
0 0 0 0 0 0 0 0 0 0 0 1 1 1 0 0 0 0 0 0 0 0 0 0 0
0 0 0 0 0 0 0 0 0 0 0 0 0 0 1 1 1 1 1 0 0 0 0 0 0
0 0 0 0 0 0 0 0 0 0 0 0 0 0 0 0 0 0 0 1 1 1 1 1 1

5 3 20
3 3 3 8 3
2 -3 -8 -7 -2 -7 3 2 3 -8 0 -5 7 -3 1 -5 2 -1 -8 6
504 349 535 35 43 31 87 20
4 4 3 1 4 0 1 4 3 5 1 3 1 4 1 5 1 3 4 2
1 2 2 2 1 0 0 4 0 4 2 3 0 4 3 1 5 5 1 0
3 1 1 5 3 2 0 4 2 4 1 3 4 4 3 0 0 2 3 5
1 1 1 0 0 0 0 0 0 0 0 0 0 0 0 0 0 0 0 0
0 0 0 1 1 1 0 0 0 0 0 0 0 0 0 0 0 0 0 0
0 0 0 0 0 0 1 1 1 0 0 0 0 0 0 0 0 0 0 0
0 0 0 0 0 0 0 0 0 1 1 1 1 1 1 1 1 0 0 0
0 0 0 0 0 0 0 0 0 0 0 0 0 0 0 0 0 1 1 1

5 3 29
6 8 4 7 4
10 3 -3 1 6 -9 -4 7 -8 1 1 6 -4 -9 -2 -1 8 -1 6 -4 -10 2 -7 -7 3 -2 -8 7 -3
588 851 764 42 53 46 -1 46
4 1 1 1 5 5 5 2 3 1 5 1 5 1 3 1 1 4 5 3 4 2 1 0 1 2 0 1 3
1 4 4 2 1 0 1 4 3 4 5 1 5 1 2 3 5 3 1 5 5 3 4 1 5 3 5 0 4
1 3 5 0 1 3 1 2 0 4 0 0 2 4 4 2 4 1 5 5 3 5 4 2 2 0 0 3 2
1 1 1 1 1 1 0 0 0 0 0 0 0 0 0 0 0 0 0 0 0 0 0 0 0 0 0 0 0
0 0 0 0 0 0 1 1 1 1 1 1 1 1 0 0 0 0 0 0 0 0 0 0 0 0 0 0 0
0 0 0 0 0 0 0 0 0 0 0 0 0 0 1 1 1 1 0 0 0 0 0 0 0 0 0 0 0
0 0 0 0 0 0 0 0 0 0 0 0 0 0 0 0 0 0 1 1 1 1 1 1 1 0 0 0 0
0 0 0 0 0 0 0 0 0 0 0 0 0 0 0 0 0 0 0 0 0 0 0 0 0 1 1 1 1

5 3 29
6 5 7 3 8
-9 10 -2 -8 6 -2 6 9 -8 1 -7 -10 10 -5 -6 4 0 5 -5 7 -2 -2 6 1 4 -4 6 -8 4
729 983 771 98 35 -1 39 90
4 3 1 2 2 2 0 5 1 4 3 2 5 2 2 1 5 0 2 2 2 2 4 0 5 1 4 2 1
0 3 0 1 5 5 5 5 5 5 5 4 5 2 1 0 5 4 3 2 2 5 5 3 2 3 2 1 2
3 1 5 4 5 3 5 0 3 3 1 1 1 2 1 3 0 3 3 3 1 5 1 0 2 2 5 2 3
1 1 1 1 1 1 0 0 0 0 0 0 0 0 0 0 0 0 0 0 0 0 0 0 0 0 0 0 0
0 0 0 0 0 0 1 1 1 1 1 0 0 0 0 0 0 0 0 0 0 0 0 0 0 0 0 0 0
0 0 0 0 0 0 0 0 0 0 0 1 1 1 1 1 1 1 0 0 0 0 0 0 0 0 0 0 0
0 0 0 0 0 0 0 0 0 0 0 0 0 0 0 0 0 0 1 1 1 0 0 0 0 0 0 0 0
0 0 0 0 0 0 0 0 0 0 0 0 0 0 0 0 0 0 0 0 0 1 1 1 1 1 1 1 1

5 3 22
7 3 3 5 4
-5 2 8 6 10 -6 9 -2 2 4 1 3 -2 2 -5 8 9 4 -2 1 -2 3
478 679 463 71 34 37 56 32
1 1 2 2 4 5 1 3 2 1 1 3 2 0 0 5 2 2 3 4 3 0
5 5 1 3 2 4 0 2 3 0 5 1 5 1 2 5 0 2 1 1 5 4
0 2 4 4 1 0 3 1 3 2 1 3 2 0 2 1 3 2 2 2 4 4
1 1 1 1 1 1 1 0 0 0 0 0 0 0 0 0 0 0 0 0 0 0
0 0 0 0 0 0 0 1 1 1 0 0 0 0 0 0 0 0 0 0 0 0
0 0 0 0 0 0 0 0 0 0 1 1 1 0 0 0 0 0 0 0 0 0
0 0 0 0 0 0 0 0 0 0 0 0 0 1 1 1 1 1 0 0 0 0
0 0 0 0 0 0 0 0 0 0 0 0 0 0 0 0 0 0 1 1 1 1

5 3 27
6 3 4 6 8
2 -6 -8 -1 2 6 4 -10 6 -4 6 0 -5 -1 6 -6 7 -8 1 8 5 -4 8 5 -9 -4 -7
718 528 808 58 28 55 -1 66
5 0 0 5 2 5 0 4 2 2 4 0 4 3 4 0 0 0 5 4 2 5 4 5 2 0 1
0 5 2 1 3 2 3 3 3 5 1 0 3 5 1 0 2 2 3 3 4 4 3 2 0 0 5
4 4 0 5 2 3 5 5 4 1 1 5 1 1 5 5 3 4 1 4 1 0 1 4 1 5 4
1 1 1 1 1 1 0 0 0 0 0 0 0 0 0 0 0 0 0 0 0 0 0 0 0 0 0
0 0 0 0 0 0 1 1 1 0 0 0 0 0 0 0 0 0 0 0 0 0 0 0 0 0 0
0 0 0 0 0 0 0 0 0 1 1 1 1 0 0 0 0 0 0 0 0 0 0 0 0 0 0
0 0 0 0 0 0 0 0 0 0 0 0 0 1 1 1 1 1 1 0 0 0 0 0 0 0 0
0 0 0 0 0 0 0 0 0 0 0 0 0 0 0 0 0 0 0 1 1 1 1 1 1 1 1

5 3 25
6 4 4 7 4
9 -2 -7 0 -9 10 -4 8 -1 0 10 -6 -3 -2 1 -9 5 -8 5 -7 -2 -4 -5 3 5
665 607 789 82 26 57 60 49
3 0 3 1 1 4 5 0 0 5 4 0 0 4 3 5 4 4 3 1 4 0 3 1 1
1 0 3 1 0 3 1 2 4 1 1 2 4 2 3 5 1 3 4 4 0 0 5 2 3
4 2 4 3 5 4 2 2 3 1 4 5 3 3 5 0 4 3 4 4 3 3 0 0 1
1 1 1 1 1 1 0 0 0 0 0 0 0 0 0 0 0 0 0 0 0 0 0 0 0
0 0 0 0 0 0 1 1 1 1 0 0 0 0 0 0 0 0 0 0 0 0 0 0 0
0 0 0 0 0 0 0 0 0 0 1 1 1 1 0 0 0 0 0 0 0 0 0 0 0
0 0 0 0 0 0 0 0 0 0 0 0 0 0 1 1 1 1 1 1 1 0 0 0 0
0 0 0 0 0 0 0 0 0 0 0 0 0 0 0 0 0 0 0 0 0 1 1 1 1

5 3 34
8 5 5 8 8
-7 8 -7 -9 -10 8 -4 1 8 3 -2 7 2 4 3 -2 -7 -4 -9 -8 7 -10 -10 0 -5 5 5 3 0 -10 -6 6 -1 1
918 1093 804 88 51 57 63 127
1 1 5 5 1 1 1 0 5 5 5 0 2 1 4 1 5 4 1 0 3 0 2 1 2 5 2 5 5 4 0 0 2 4
2 3 1 0 2 5 3 4 3 3 5 0 2 5 1 4 5 5 4 5 1 4 3 5 0 1 2 5 4 2 1 5 4 0
5 0 3 1 0 4 2 1 4 1 1 5 3 4 0 5 3 3 2 2 0 2 0 2 0 2 1 0 0 0 0 4 2 2
1 1 1 1 1 1 1 1 0 0 0 0 0 0 0 0 0 0 0 0 0 0 0 0 0 0 0 0 0 0 0 0 0 0
0 0 0 0 0 0 0 0 1 1 1 1 1 0 0 0 0 0 0 0 0 0 0 0 0 0 0 0 0 0 0 0 0 0
0 0 0 0 0 0 0 0 0 0 0 0 0 1 1 1 1 1 0 0 0 0 0 0 0 0 0 0 0 0 0 0 0 0
0 0 0 0 0 0 0 0 0 0 0 0 0 0 0 0 0 0 1 1 1 1 1 1 1 1 0 0 0 0 0 0 0 0
0 0 0 0 0 0 0 0 0 0 0 0 0 0 0 0 0 0 0 0 0 0 0 0 0 0 1 1 1 1 1 1 1 1

5 3 29
4 5 8 8 4
6 1 -10 3 8 3 1 8 -4 -5 -7 -2 2 -7 9 10 -10 -10 -10 4 -7 4 6 8 -10 3 -5 -9 2
619 735 757 37 37 100 59 46
2 3 3 2 0 3 1 2 3 0 3 4 5 0 2 2 4 4 1 5 0 1 1 0 2 4 1 2 3
4 1 2 4 1 4 4 2 2 5 3 5 3 1 1 0 1 3 1 4 2 5 2 5 2 5 4 0 2
3 5 0 2 3 5 5 1 4 0 5 3 5 3 1 2 2 4 5 1 0 3 4 2 4 4 5 0 5
1 1 1 1 0 0 0 0 0 0 0 0 0 0 0 0 0 0 0 0 0 0 0 0 0 0 0 0 0
0 0 0 0 1 1 1 1 1 0 0 0 0 0 0 0 0 0 0 0 0 0 0 0 0 0 0 0 0
0 0 0 0 0 0 0 0 0 1 1 1 1 1 1 1 1 0 0 0 0 0 0 0 0 0 0 0 0
0 0 0 0 0 0 0 0 0 0 0 0 0 0 0 0 0 1 1 1 1 1 1 1 1 0 0 0 0
0 0 0 0 0 0 0 0 0 0 0 0 0 0 0 0 0 0 0 0 0 0 0 0 0 1 1 1 1

5 3 26
5 8 3 4 6
9 -4 0 -5 4 -7 -4 0 10 -3 0 0 8 6 -1 -7 -9 1 1 7 10 8 5 -9 -3 7
665 536 569 -1 72 34 43 49
1 4 0 5 2 3 0 5 1 2 5 3 2 5 0 5 3 1 4 1 2 5 4 1 5 5
0 5 3 3 3 1 1 1 1 1 4 5 0 3 0 4 2 4 1 0 3 5 2 2 1 4
3 4 2 1 0 2 1 3 1 5 3 0 0 1 5 1 1 0 3 3 3 3 5 4 5 4
1 1 1 1 1 0 0 0 0 0 0 0 0 0 0 0 0 0 0 0 0 0 0 0 0 0
0 0 0 0 0 1 1 1 1 1 1 1 1 0 0 0 0 0 0 0 0 0 0 0 0 0
0 0 0 0 0 0 0 0 0 0 0 0 0 1 1 1 0 0 0 0 0 0 0 0 0 0
0 0 0 0 0 0 0 0 0 0 0 0 0 0 0 0 1 1 1 1 0 0 0 0 0 0
0 0 0 0 0 0 0 0 0 0 0 0 0 0 0 0 0 0 0 0 1 1 1 1 1 1

5 3 30
7 7 6 6 4
-8 -6 1 4 5 7 -10 -7 7 0 8 -7 -1 -4 2 -4 -4 -7 -6 -1 8 -8 4 9 -6 0 -9 7 -6 8
831 904 1115 86 66 -1 75 52
1 4 2 1 5 3 1 5 0 4 2 5 1 5 0 3 3 3 5 4 4 3 3 2 0 5 0 1 2 3
5 3 4 0 2 4 2 2 4 3 5 5 1 1 2 4 5 1 3 0 1 2 0 0 2 4 3 3 2 0
5 3 4 0 2 2 5 5 5 4 2 1 2 0 3 4 3 5 2 3 3 2 5 1 2 3 3 3 4 5
1 1 1 1 1 1 1 0 0 0 0 0 0 0 0 0 0 0 0 0 0 0 0 0 0 0 0 0 0 0
0 0 0 0 0 0 0 1 1 1 1 1 1 1 0 0 0 0 0 0 0 0 0 0 0 0 0 0 0 0
0 0 0 0 0 0 0 0 0 0 0 0 0 0 1 1 1 1 1 1 0 0 0 0 0 0 0 0 0 0
0 0 0 0 0 0 0 0 0 0 0 0 0 0 0 0 0 0 0 0 1 1 1 1 1 1 0 0 0 0
0 0 0 0 0 0 0 0 0 0 0 0 0 0 0 0 0 0 0 0 0 0 0 0 0 0 1 1 1 1

5 3 29
6 6 8 5 4
4 0 0 -8 -10 -5 -9 -8 -10 -3 4 5 -4 4 10 9 -4 -6 0 -4 0 9 8 7 -1 -1 -8 9 4
747 678 621 41 72 66 33 48
5 3 5 5 2 5 2 4 0 0 1 4 3 4 2 2 2 3 2 4 1 4 4 4 1 1 1 4 5
5 4 5 4 1 2 3 1 3 4 1 1 3 4 1 0 4 5 1 5 3 2 2 5 5 0 4 1 5
1 5 1 0 1 0 3 1 4 4 1 1 3 0 5 0 3 4 3 3 4 2 5 0 4 3 0 5 1
1 1 1 1 1 1 0 0 0 0 0 0 0 0 0 0 0 0 0 0 0 0 0 0 0 0 0 0 0
0 0 0 0 0 0 1 1 1 1 1 1 0 0 0 0 0 0 0 0 0 0 0 0 0 0 0 0 0
0 0 0 0 0 0 0 0 0 0 0 0 1 1 1 1 1 1 1 1 0 0 0 0 0 0 0 0 0
0 0 0 0 0 0 0 0 0 0 0 0 0 0 0 0 0 0 0 0 1 1 1 1 1 0 0 0 0
0 0 0 0 0 0 0 0 0 0 0 0 0 0 0 0 0 0 0 0 0 0 0 0 0 1 1 1 1

5 3 30
8 5 7 4 6
2 6 -9 -3 6 0 -9 9 5 8 0 -9 5 -7 -8 5 4 -10 -1 -2 0 6 5 -9 5 8 -3 -9 -9 -4
811 866 794 91 55 68 55 54
4 2 1 5 0 3 3 1 0 5 4 1 3 2 1 4 4 2 1 4 3 4 0 0 1 3 5 0 5 5
2 3 5 2 1 4 2 1 3 5 4 0 5 5 2 5 0 3 1 1 4 1 5 0 3 5 5 0 2 4
2 5 4 5 0 0 1 4 2 0 2 2 1 1 4 5 0 2 1 3 1 0 3 2 5 4 0 3 4 5
1 1 1 1 1 1 1 1 0 0 0 0 0 0 0 0 0 0 0 0 0 0 0 0 0 0 0 0 0 0
0 0 0 0 0 0 0 0 1 1 1 1 1 0 0 0 0 0 0 0 0 0 0 0 0 0 0 0 0 0
0 0 0 0 0 0 0 0 0 0 0 0 0 1 1 1 1 1 1 1 0 0 0 0 0 0 0 0 0 0
0 0 0 0 0 0 0 0 0 0 0 0 0 0 0 0 0 0 0 0 1 1 1 1 0 0 0 0 0 0
0 0 0 0 0 0 0 0 0 0 0 0 0 0 0 0 0 0 0 0 0 0 0 0 1 1 1 1 1 1

5 3 32
7 8 6 3 8
7 1 -3 -6 2 0 -6 -10 -10 8 -9 -4 1 -10 7 3 4 10 3 -4 -8 -2 6 0 7 3 -10 -9 -2 3 -3 1
888 795 974 63 76 74 39 89
4 0 5 5 2 0 5 0 3 1 3 1 2 4 5 1 0 4 4 3 3 4 4 5 1 0 3 1 0 1 2 5
0 1 4 2 2 4 2 2 5 1 0 1 3 5 4 4 4 2 1 1 5 5 1 0 3 0 4 0 5 4 3 3
0 3 4 2 4 5 2 2 5 4 3 3 5 5 3 1 5 1 5 2 4 5 4 0 1 5 0 1 5 5 5 3
1 1 1 1 1 1 1 0 0 0 0 0 0 0 0 0 0 0 0 0 0 0 0 0 0 0 0 0 0 0 0 0
0 0 0 0 0 0 0 1 1 1 1 1 1 1 1 0 0 0 0 0 0 0 0 0 0 0 0 0 0 0 0 0
0 0 0 0 0 0 0 0 0 0 0 0 0 0 0 1 1 1 1 1 1 0 0 0 0 0 0 0 0 0 0 0
0 0 0 0 0 0 0 0 0 0 0 0 0 0 0 0 0 0 0 0 0 1 1 1 0 0 0 0 0 0 0 0
0 0 0 0 0 0 0 0 0 0 0 0 0 0 0 0 0 0 0 0 0 0 0 0 1 1 1 1 1 1 1 1

5 3 30
3 7 4 8 8
5 5 10 -8 -4 -4 -6 -1 -1 -6 10 4 -6 10 4 9 9 7 5 -8 0 1 3 -2 -9 -4 -10 -4 10 -8
908 892 878 -1 92 13 79 67
3 5 0 2 2 4 4 4 3 4 0 3 5 0 5 0 5 0 5 5 5 3 1 1 2 5 1 3 5 0
2 5 5 1 3 1 5 2 5 2 2 3 5 0 3 1 3 3 3 4 2 2 4 1 4 4 4 3 4 4
0 1 1 4 1 4 2 3 5 5 5 3 0 5 3 0 4 1 1 4 5 5 1 4 3 4 5 2 5 0
1 1 1 0 0 0 0 0 0 0 0 0 0 0 0 0 0 0 0 0 0 0 0 0 0 0 0 0 0 0
0 0 0 1 1 1 1 1 1 1 0 0 0 0 0 0 0 0 0 0 0 0 0 0 0 0 0 0 0 0
0 0 0 0 0 0 0 0 0 0 1 1 1 1 0 0 0 0 0 0 0 0 0 0 0 0 0 0 0 0
0 0 0 0 0 0 0 0 0 0 0 0 0 0 1 1 1 1 1 1 1 1 0 0 0 0 0 0 0 0
0 0 0 0 0 0 0 0 0 0 0 0 0 0 0 0 0 0 0 0 0 0 1 1 1 1 1 1 1 1

5 3 32
7 6 6 6 7
-7 -3 -10 9 1 0 9 -6 10 9 5 -1 10 10 8 1 8 7 -9 7 10 8 -2 3 -10 -10 7 -5 6 -4 -7 2
766 859 992 88 85 61 50 50
4 1 0 1 4 1 3 4 0 0 5 5 4 2 0 2 1 2 1 2 4 5 2 0 1 1 0 5 5 5 0 0
2 2 1 0 0 4 3 4 4 4 3 3 0 0 5 3 5 0 3 5 2 1 5 4 4 5 0 5 2 0 4 3
3 2 0 2 4 0 3 4 5 5 4 4 2 5 5 4 1 5 1 3 3 1 0 3 2 0 4 5 0 3 4 0
1 1 1 1 1 1 1 0 0 0 0 0 0 0 0 0 0 0 0 0 0 0 0 0 0 0 0 0 0 0 0 0
0 0 0 0 0 0 0 1 1 1 1 1 1 0 0 0 0 0 0 0 0 0 0 0 0 0 0 0 0 0 0 0
0 0 0 0 0 0 0 0 0 0 0 0 0 1 1 1 1 1 1 0 0 0 0 0 0 0 0 0 0 0 0 0
0 0 0 0 0 0 0 0 0 0 0 0 0 0 0 0 0 0 0 1 1 1 1 1 1 0 0 0 0 0 0 0
0 0 0 0 0 0 0 0 0 0 0 0 0 0 0 0 0 0 0 0 0 0 0 0 0 1 1 1 1 1 1 1

5 3 28
6 6 8 3 5
10 8 0 2 -10 6 -9 -2 -7 8 10 -5 -9 2 -3 2 -4 -5 -9 -3 7 2 0 10 10 0 -8 -5
635 633 614 61 51 54 28 61
4 4 2 3 0 4 4 1 2 3 1 0 2 5 5 5 1 4 0 2 0 3 3 3 0 0 0 4
4 5 0 0 4 3 1 4 0 5 3 4 5 5 0 5 1 3 5 4 2 0 4 4 1 5 1 1
0 1 1 0 2 1 0 2 4 2 4 2 5 4 2 2 4 1 0 5 5 5 4 3 4 3 2 4
1 1 1 1 1 1 0 0 0 0 0 0 0 0 0 0 0 0 0 0 0 0 0 0 0 0 0 0
0 0 0 0 0 0 1 1 1 1 1 1 0 0 0 0 0 0 0 0 0 0 0 0 0 0 0 0
0 0 0 0 0 0 0 0 0 0 0 0 1 1 1 1 1 1 1 1 0 0 0 0 0 0 0 0
0 0 0 0 0 0 0 0 0 0 0 0 0 0 0 0 0 0 0 0 1 1 1 0 0 0 0 0
0 0 0 0 0 0 0 0 0 0 0 0 0 0 0 0 0 0 0 0 0 0 0 1 1 1 1 1

5 3 25
3 3 5 8 6
-2 -7 -3 -3 -10 -10 1 -1 5 6 -7 -9 2 9 -10 8 -8 4 6 -3 9 -10 -6 9 6
723 703 662 34 33 55 77 70
1 4 3 5 3 4 3 4 3 3 4 3 3 0 3 0 0 1 1 0 5 4 1 2 4
4 4 4 0 4 0 2 0 0 3 5 2 2 5 5 5 4 2 2 3 1 3 0 3 3
0 4 4 2 4 2 3 3 3 0 4 4 1 1 2 2 3 2 4 3 3 0 4 0 1
1 1 1 0 0 0 0 0 0 0 0 0 0 0 0 0 0 0 0 0 0 0 0 0 0
0 0 0 1 1 1 0 0 0 0 0 0 0 0 0 0 0 0 0 0 0 0 0 0 0
0 0 0 0 0 0 1 1 1 1 1 0 0 0 0 0 0 0 0 0 0 0 0 0 0
0 0 0 0 0 0 0 0 0 0 0 1 1 1 1 1 1 1 1 0 0 0 0 0 0
0 0 0 0 0 0 0 0 0 0 0 0 0 0 0 0 0 0 0 1 1 1 1 1 1

5 3 31
7 7 7 3 7
5 3 1 9 2 -10 -3 10 -4 10 -6 -2 0 7 -3 0 -9 -2 -8 -9 0 -9 -2 7 8 -6 7 -5 5 -1 7
937 751 855 63 62 59 27 70
3 3 4 0 5 3 4 5 3 3 1 3 0 5 2 4 5 1 3 3 2 5 5 3 3 3 4 2 1 4 2
2 0 3 5 4 1 3 5 5 0 0 2 0 1 0 1 1 5 4 5 3 2 2 0 1 0 1 3 3 2 2
3 5 3 3 5 0 5 5 2 2 1 2 3 4 5 5 2 4 1 1 3 2 3 5 2 1 3 2 1 2 5
1 1 1 1 1 1 1 0 0 0 0 0 0 0 0 0 0 0 0 0 0 0 0 0 0 0 0 0 0 0 0
0 0 0 0 0 0 0 1 1 1 1 1 1 1 0 0 0 0 0 0 0 0 0 0 0 0 0 0 0 0 0
0 0 0 0 0 0 0 0 0 0 0 0 0 0 1 1 1 1 1 1 1 0 0 0 0 0 0 0 0 0 0
0 0 0 0 0 0 0 0 0 0 0 0 0 0 0 0 0 0 0 0 0 1 1 1 0 0 0 0 0 0 0
0 0 0 0 0 0 0 0 0 0 0 0 0 0 0 0 0 0 0 0 0 0 0 0 1 1 1 1 1 1 1

5 3 24
6 3 5 7 3
-7 -8 -9 6 10 4 10 -8 -2 -1 6 2 -8 1 -6 3 8 5 9 -6 5 7 5 4
645 689 772 41 38 63 74 25
5 4 1 1 3 4 4 4 1 3 1 3 4 2 3 5 4 1 4 2 4 2 0 1
3 1 2 2 2 3 2 4 2 1 3 5 1 3 0 5 0 5 3 4 4 4 3 2
5 0 3 2 5 5 0 4 4 3 5 3 1 0 0 5 4 4 3 4 3 3 2 1
1 1 1 1 1 1 0 0 0 0 0 0 0 0 0 0 0 0 0 0 0 0 0 0
0 0 0 0 0 0 1 1 1 0 0 0 0 0 0 0 0 0 0 0 0 0 0 0
0 0 0 0 0 0 0 0 0 1 1 1 1 1 0 0 0 0 0 0 0 0 0 0
0 0 0 0 0 0 0 0 0 0 0 0 0 0 1 1 1 1 1 1 1 0 0 0
0 0 0 0 0 0 0 0 0 0 0 0 0 0 0 0 0 0 0 0 0 1 1 1

5 3 27
4 7 3 5 8
6 0 -7 7 2 -6 -7 -3 -5 -2 9 1 10 -6 -10 -3 -2 -10 -2 -10 3 7 4 -9 2 -7 7
483 373 357 33 30 30 31 44
5 3 3 3 4 1 1 3 0 3 3 3 2 3 3 3 0 1 2 4 4 0 0 2 3 5 5
4 3 1 4 1 5 2 0 1 3 3 2 3 2 1 3 5 0 2 4 1 3 2 2 2 3 2
2 1 1 1 3 1 3 1 5 2 2 5 2 3 5 3 2 3 0 0 3 0 1 3 5 1 1
1 1 1 1 0 0 0 0 0 0 0 0 0 0 0 0 0 0 0 0 0 0 0 0 0 0 0
0 0 0 0 1 1 1 1 1 1 1 0 0 0 0 0 0 0 0 0 0 0 0 0 0 0 0
0 0 0 0 0 0 0 0 0 0 0 1 1 1 0 0 0 0 0 0 0 0 0 0 0 0 0
0 0 0 0 0 0 0 0 0 0 0 0 0 0 1 1 1 1 1 0 0 0 0 0 0 0 0
0 0 0 0 0 0 0 0 0 0 0 0 0 0 0 0 0 0 0 1 1 1 1 1 1 1 1

5 3 30
5 3 7 8 7
-9 -10 8 -10 -9 9 3 -7 6 -3 3 -5 0 -4 -8 0 4 10 3 -8 -10 -1 -4 5 8 -9 -4 -5 -7 -4
548 727 679 43 14 41 74 83
5 1 5 0 4 4 3 5 2 5 0 4 0 0 1 1 2 2 4 5 4 3 1 5 1 2 3 0 0 1
0 5 4 2 5 4 3 0 1 4 1 4 4 3 0 5 0 5 2 0 1 0 4 3 4 4 4 2 0 4
2 4 0 2 4 3 5 2 4 5 0 2 3 4 5 3 4 4 1 2 3 5 5 2 2 2 0 3 1 1
1 1 1 1 1 0 0 0 0 0 0 0 0 0 0 0 0 0 0 0 0 0 0 0 0 0 0 0 0 0
0 0 0 0 0 1 1 1 0 0 0 0 0 0 0 0 0 0 0 0 0 0 0 0 0 0 0 0 0 0
0 0 0 0 0 0 0 0 1 1 1 1 1 1 1 0 0 0 0 0 0 0 0 0 0 0 0 0 0 0
0 0 0 0 0 0 0 0 0 0 0 0 0 0 0 1 1 1 1 1 1 1 1 0 0 0 0 0 0 0
0 0 0 0 0 0 0 0 0 0 0 0 0 0 0 0 0 0 0 0 0 0 0 1 1 1 1 1 1 1

5 3 26
5 6 4 8 3
-1 -1 -1 -5 6 10 -6 -2 8 -1 -2 -3 -2 7 -9 0 5 7 2 -8 -8 -5 -2 2 -3 6
506 485 536 40 35 48 -1 22
4 0 3 3 2 3 2 0 1 5 5 1 1 1 5 0 4 0 0 5 3 4 1 1 2 4
0 2 3 2 4 1 1 4 4 2 4 5 2 0 0 5 5 1 0 5 0 1 0 0 0 5
0 4 0 4 4 4 3 4 1 0 5 3 3 0 2 3 1 3 0 2 3 5 4 0 1 2
1 1 1 1 1 0 0 0 0 0 0 0 0 0 0 0 0 0 0 0 0 0 0 0 0 0
0 0 0 0 0 1 1 1 1 1 1 0 0 0 0 0 0 0 0 0 0 0 0 0 0 0
0 0 0 0 0 0 0 0 0 0 0 1 1 1 1 0 0 0 0 0 0 0 0 0 0 0
0 0 0 0 0 0 0 0 0 0 0 0 0 0 0 1 1 1 1 1 1 1 1 0 0 0
0 0 0 0 0 0 0 0 0 0 0 0 0 0 0 0 0 0 0 0 0 0 0 1 1 1

5 3 25
4 7 3 4 7
-2 7 -6 -8 1 -3 0 6 2 2 7 1 6 0 8 -9 8 4 -8 -5 7 -8 1 -3 6
654 705 623 19 59 46 41 73
4 3 3 1 3 5 5 2 1 3 3 1 3 5 3 3 5 1 4 4 1 2 4 0 3
5 2 1 5 1 4 3 3 5 3 4 5 3 2 0 0 4 1 3 3 4 3 5 5 0
0 4 5 0 2 5 0 2 0 0 5 3 3 1 5 0 3 4 3 5 5 0 4 4 4
1 1 1 1 0 0 0 0 0 0 0 0 0 0 0 0 0 0 0 0 0 0 0 0 0
0 0 0 0 1 1 1 1 1 1 1 0 0 0 0 0 0 0 0 0 0 0 0 0 0
0 0 0 0 0 0 0 0 0 0 0 1 1 1 0 0 0 0 0 0 0 0 0 0 0
0 0 0 0 0 0 0 0 0 0 0 0 0 0 1 1 1 1 0 0 0 0 0 0 0
0 0 0 0 0 0 0 0 0 0 0 0 0 0 0 0 0 0 1 1 1 1 1 1 1

5 3 26
8 5 4 5 4
9 2 6 2 8 9 -3 4 4 0 -3 -8 9 10 3 -5 10 -10 3 -9 5 -8 3 -6 8 -1
665 677 488 68 33 48 38 35
3 0 1 4 4 3 4 2 3 3 1 2 2 4 5 0 1 0 4 3 1 5 5 1 5 3
1 1 4 4 3 4 0 2 2 1 3 5 1 5 3 1 1 3 3 3 1 4 0 3 5 5
3 5 5 4 2 5 0 0 1 2 5 0 3 3 0 4 1 5 2 5 2 3 1 0 2 5
1 1 1 1 1 1 1 1 0 0 0 0 0 0 0 0 0 0 0 0 0 0 0 0 0 0
0 0 0 0 0 0 0 0 1 1 1 1 1 0 0 0 0 0 0 0 0 0 0 0 0 0
0 0 0 0 0 0 0 0 0 0 0 0 0 1 1 1 1 0 0 0 0 0 0 0 0 0
0 0 0 0 0 0 0 0 0 0 0 0 0 0 0 0 0 1 1 1 1 1 0 0 0 0
0 0 0 0 0 0 0 0 0 0 0 0 0 0 0 0 0 0 0 0 0 0 1 1 1 1

5 3 33
6 8 8 4 7
-1 -8 8 -9 8 2 6 9 8 -2 5 -1 -8 5 10 -1 -3 -8 8 -4 4 2 -2 5 2 -2 -6 3 0 9 -5 8 4
743 820 692 65 87 57 29 61
0 2 0 2 4 1 4 5 5 4 2 3 1 0 5 0 2 5 0 0 2 2 2 3 1 4 4 4 3 3 0 5 5
0 4 5 5 4 0 1 1 0 5 5 2 3 2 3 3 1 1 1 4 4 0 3 4 3 1 2 4 0 4 1 4 4
4 3 5 2 4 2 2 2 5 3 4 3 1 2 3 1 0 0 0 4 3 0 5 1 0 4 2 0 0 2 1 2 3
1 1 1 1 1 1 0 0 0 0 0 0 0 0 0 0 0 0 0 0 0 0 0 0 0 0 0 0 0 0 0 0 0
0 0 0 0 0 0 1 1 1 1 1 1 1 1 0 0 0 0 0 0 0 0 0 0 0 0 0 0 0 0 0 0 0
0 0 0 0 0 0 0 0 0 0 0 0 0 0 1 1 1 1 1 1 1 1 0 0 0 0 0 0 0 0 0 0 0
0 0 0 0 0 0 0 0 0 0 0 0 0 0 0 0 0 0 0 0 0 0 1 1 1 1 0 0 0 0 0 0 0
0 0 0 0 0 0 0 0 0 0 0 0 0 0 0 0 0 0 0 0 0 0 0 0 0 0 1 1 1 1 1 1 1

5 3 35
8 7 7 8 5
7 5 9 10 3 -7 5 -10 -9 2 8 4 -8 6 9 -3 0 -5 -6 -4 -8 -4 1 -9 10 -4 -5 -9 -7 -7 7 -6 -10 4 -6
902 899 843 58 76 70 82 54
4 4 1 1 2 4 2 0 3 2 2 0 2 2 0 1 0 4 3 1 4 5 3 3 2 1 0 2 2 5 3 3 5 2 4
0 5 1 3 0 3 3 5 1 2 2 1 3 1 1 4 3 3 5 2 2 5 2 5 2 5 3 4 3 4 3 3 3 1 3
1 3 3 0 4 2 4 0 1 2 2 1 1 3 5 0 2 5 3 2 1 4 0 3 5 0 4 4 1 1 5 5 5 2 4
1 1 1 1 1 1 1 1 0 0 0 0 0 0 0 0 0 0 0 0 0 0 0 0 0 0 0 0 0 0 0 0 0 0 0
0 0 0 0 0 0 0 0 1 1 1 1 1 1 1 0 0 0 0 0 0 0 0 0 0 0 0 0 0 0 0 0 0 0 0
0 0 0 0 0 0 0 0 0 0 0 0 0 0 0 1 1 1 1 1 1 1 0 0 0 0 0 0 0 0 0 0 0 0 0
0 0 0 0 0 0 0 0 0 0 0 0 0 0 0 0 0 0 0 0 0 0 1 1 1 1 1 1 1 1 0 0 0 0 0
0 0 0 0 0 0 0 0 0 0 0 0 0 0 0 0 0 0 0 0 0 0 0 0 0 0 0 0 0 0 1 1 1 1 1

5 3 33
8 8 6 5 6
-10 -8 -3 10 -1 -1 -4 3 -4 -5 0 8 10 -5 4 5 -7 5 2 1 1 4 10 5 -4 -10 0 -6 -10 -5 -4 8 -4
692 758 648 54 70 42 50 82
2 1 0 2 3 2 2 1 5 1 2 4 3 0 3 5 5 3 1 3 3 4 0 0 3 2 2 1 2 1 3 5 4
1 1 0 2 5 3 5 4 5 4 5 0 5 0 5 5 2 3 0 2 3 3 3 2 2 3 5 1 3 2 0 2 2
1 3 4 0 3 5 0 1 2 2 1 4 0 2 1 3 5 2 1 4 0 1 2 4 4 3 1 2 3 4 0 2 3
1 1 1 1 1 1 1 1 0 0 0 0 0 0 0 0 0 0 0 0 0 0 0 0 0 0 0 0 0 0 0 0 0
0 0 0 0 0 0 0 0 1 1 1 1 1 1 1 1 0 0 0 0 0 0 0 0 0 0 0 0 0 0 0 0 0
0 0 0 0 0 0 0 0 0 0 0 0 0 0 0 0 1 1 1 1 1 1 0 0 0 0 0 0 0 0 0 0 0
0 0 0 0 0 0 0 0 0 0 0 0 0 0 0 0 0 0 0 0 0 0 1 1 1 1 1 0 0 0 0 0 0
0 0 0 0 0 0 0 0 0 0 0 0 0 0 0 0 0 0 0 0 0 0 0 0 0 0 0 1 1 1 1 1 1

5 3 29
7 6 5 8 3
3 -10 -3 -10 2 2 2 1 8 -7 5 -7 -10 -4 -2 6 -10 -3 -9 5 -10 -8 0 -4 0 6 -2 8 -1
642 622 667 61 19 46 -1 29
3 2 0 5 4 1 4 4 4 1 4 2 3 0 1 5 0 3 5 3 5 5 0 1 1 1 5 1 4
3 1 2 4 4 2 5 0 4 1 0 3 4 4 2 2 3 0 3 3 4 5 1 3 4 5 3 4 2
3 3 5 5 2 2 2 0 2 0 5 2 4 0 3 3 4 5 1 0 3 0 5 2 1 1 4 0 3
1 1 1 1 1 1 1 0 0 0 0 0 0 0 0 0 0 0 0 0 0 0 0 0 0 0 0 0 0
0 0 0 0 0 0 0 1 1 1 1 1 1 0 0 0 0 0 0 0 0 0 0 0 0 0 0 0 0
0 0 0 0 0 0 0 0 0 0 0 0 0 1 1 1 1 1 0 0 0 0 0 0 0 0 0 0 0
0 0 0 0 0 0 0 0 0 0 0 0 0 0 0 0 0 0 1 1 1 1 1 1 1 1 0 0 0
0 0 0 0 0 0 0 0 0 0 0 0 0 0 0 0 0 0 0 0 0 0 0 0 0 0 1 1 1

5 3 26
5 5 5 3 8
-8 6 9 2 10 -4 4 5 6 7 -3 -2 -10 6 8 9 -10 -4 -7 -4 3 0 -5 -3 9 -8
574 650 682 28 53 57 17 101
5 0 0 4 0 2 0 3 1 5 5 0 1 5 1 2 5 2 1 1 1 5 5 0 1 0
4 3 3 4 0 3 2 0 5 4 5 1 3 1 4 1 1 0 5 5 3 5 0 2 0 4
1 4 2 1 5 4 0 2 1 1 1 3 4 5 5 2 5 2 3 4 1 1 2 1 3 2
1 1 1 1 1 0 0 0 0 0 0 0 0 0 0 0 0 0 0 0 0 0 0 0 0 0
0 0 0 0 0 1 1 1 1 1 0 0 0 0 0 0 0 0 0 0 0 0 0 0 0 0
0 0 0 0 0 0 0 0 0 0 1 1 1 1 1 0 0 0 0 0 0 0 0 0 0 0
0 0 0 0 0 0 0 0 0 0 0 0 0 0 0 1 1 1 0 0 0 0 0 0 0 0
0 0 0 0 0 0 0 0 0 0 0 0 0 0 0 0 0 0 1 1 1 1 1 1 1 1

5 3 22
3 7 5 4 3
-6 8 -4 3 8 -10 -7 -10 -9 3 -2 8 5 -6 3 -10 -5 -3 8 -10 -2 5
601 606 759 47 -1 63 30 37
3 1 2 3 0 0 0 5 0 0 0 2 5 5 3 1 1 4 5 5 5 3
5 2 5 4 4 4 0 2 3 1 2 0 0 3 5 0 0 4 0 0 4 2
3 5 0 4 3 2 5 2 1 0 5 5 3 4 4 2 1 0 3 5 4 2
1 1 1 0 0 0 0 0 0 0 0 0 0 0 0 0 0 0 0 0 0 0
0 0 0 1 1 1 1 1 1 1 0 0 0 0 0 0 0 0 0 0 0 0
0 0 0 0 0 0 0 0 0 0 1 1 1 1 1 0 0 0 0 0 0 0
0 0 0 0 0 0 0 0 0 0 0 0 0 0 0 1 1 1 1 0 0 0
0 0 0 0 0 0 0 0 0 0 0 0 0 0 0 0 0 0 0 1 1 1

5 3 32
8 6 6 6 6
-8 -9 10 -3 -4 0 5 9 -5 -2 3 0 7 -8 2 -8 -6 -6 0 -1 -2 -8 6 5 5 4 -2 -5 6 0 4 -8
689 750 938 -1 48 76 68 75
2 1 4 0 2 4 4 1 2 0 2 0 0 2 5 2 4 1 5 3 0 3 0 1 4 3 4 1 4 0 2 1
3 0 2 1 1 4 5 0 2 3 3 5 1 5 5 0 2 0 3 0 0 4 1 1 5 0 1 1 0 4 3 3
1 3 1 4 1 4 4 3 1 4 3 3 3 5 1 4 2 1 3 3 3 2 5 4 1 0 1 5 0 5 2 2
1 1 1 1 1 1 1 1 0 0 0 0 0 0 0 0 0 0 0 0 0 0 0 0 0 0 0 0 0 0 0 0
0 0 0 0 0 0 0 0 1 1 1 1 1 1 0 0 0 0 0 0 0 0 0 0 0 0 0 0 0 0 0 0
0 0 0 0 0 0 0 0 0 0 0 0 0 0 1 1 1 1 1 1 0 0 0 0 0 0 0 0 0 0 0 0
0 0 0 0 0 0 0 0 0 0 0 0 0 0 0 0 0 0 0 0 1 1 1 1 1 1 0 0 0 0 0 0
0 0 0 0 0 0 0 0 0 0 0 0 0 0 0 0 0 0 0 0 0 0 0 0 0 0 1 1 1 1 1 1

5 3 20
4 3 5 3 5
-4 8 9 1 -6 -8 8 8 -2 -6 -6 -9 -10 4 2 -4 4 2 -3 10
358 373 451 20 -1 30 33 54
3 2 0 0 0 0 5 3 4 3 2 1 3 4 3 2 0 0 5 4
5 1 4 5 0 5 1 4 3 0 0 5 1 1 1 0 5 0 0 3
0 5 5 5 2 1 1 0 1 2 0 1 5 2 2 4 4 4 1 4
1 1 1 1 0 0 0 0 0 0 0 0 0 0 0 0 0 0 0 0
0 0 0 0 1 1 1 0 0 0 0 0 0 0 0 0 0 0 0 0
0 0 0 0 0 0 0 1 1 1 1 1 0 0 0 0 0 0 0 0
0 0 0 0 0 0 0 0 0 0 0 0 1 1 1 0 0 0 0 0
0 0 0 0 0 0 0 0 0 0 0 0 0 0 0 1 1 1 1 1

5 3 28
3 7 7 3 8
8 8 3 5 6 9 5 -3 -3 -10 1 10 8 -6 -7 -5 -8 -5 -4 10 6 6 9 3 -6 8 7 -10
616 666 722 45 58 81 25 57
1 4 1 0 3 2 3 4 3 0 4 0 4 3 3 3 1 0 4 2 3 5 5 0 5 1 2 3
3 5 1 3 5 4 4 0 2 0 4 4 3 4 0 3 0 2 3 4 4 1 4 2 1 2 1 0
2 1 3 2 4 5 2 5 0 1 4 4 1 1 4 4 1 1 4 3 2 5 4 3 0 5 3 3
1 1 1 0 0 0 0 0 0 0 0 0 0 0 0 0 0 0 0 0 0 0 0 0 0 0 0 0
0 0 0 1 1 1 1 1 1 1 0 0 0 0 0 0 0 0 0 0 0 0 0 0 0 0 0 0
0 0 0 0 0 0 0 0 0 0 1 1 1 1 1 1 1 0 0 0 0 0 0 0 0 0 0 0
0 0 0 0 0 0 0 0 0 0 0 0 0 0 0 0 0 1 1 1 0 0 0 0 0 0 0 0
0 0 0 0 0 0 0 0 0 0 0 0 0 0 0 0 0 0 0 0 1 1 1 1 1 1 1 1

5 3 22
3 3 3 8 5
-9 -5 6 -3 8 6 10 -3 -5 9 -10 -7 -7 7 -6 9 -8 -6 -4 0 -8 -1
489 510 455 19 -1 29 81 70
3 0 5 5 2 0 1 1 0 3 4 4 2 0 3 5 3 1 0 3 0 4
5 1 3 0 2 2 2 2 1 0 3 1 2 2 3 3 2 2 4 3 2 2
3 5 1 2 1 1 2 2 3 1 0 5 1 2 2 1 0 4 1 5 1 2
1 1 1 0 0 0 0 0 0 0 0 0 0 0 0 0 0 0 0 0 0 0
0 0 0 1 1 1 0 0 0 0 0 0 0 0 0 0 0 0 0 0 0 0
0 0 0 0 0 0 1 1 1 0 0 0 0 0 0 0 0 0 0 0 0 0
0 0 0 0 0 0 0 0 0 1 1 1 1 1 1 1 1 0 0 0 0 0
0 0 0 0 0 0 0 0 0 0 0 0 0 0 0 0 0 1 1 1 1 1

5 3 24
3 6 8 3 4
-6 -9 3 3 -3 -3 8 -7 -9 6 -9 8 -6 1 -9 -5 3 3 5 4 10 6 9 -8
455 547 475 30 29 70 51 -1
4 2 0 0 2 3 2 3 1 1 2 1 0 3 4 1 0 4 2 2 3 5 0 3
0 3 0 5 4 5 1 1 2 0 5 1 0 2 3 2 5 0 1 5 5 5 1 4
0 5 2 3 4 2 5 5 5 0 4 2 3 2 3 3 1 0 3 2 0 3 1 3
1 1 1 0 0 0 0 0 0 0 0 0 0 0 0 0 0 0 0 0 0 0 0 0
0 0 0 1 1 1 1 1 1 0 0 0 0 0 0 0 0 0 0 0 0 0 0 0
0 0 0 0 0 0 0 0 0 1 1 1 1 1 1 1 1 0 0 0 0 0 0 0
0 0 0 0 0 0 0 0 0 0 0 0 0 0 0 0 0 1 1 1 0 0 0 0
0 0 0 0 0 0 0 0 0 0 0 0 0 0 0 0 0 0 0 0 1 1 1 1

5 3 30
8 5 5 6 6
8 3 10 1 7 3 -4 -9 -1 7 -3 -10 3 -6 -8 3 -1 5 -1 5 -7 6 -3 -3 -5 -8 7 -8 10 2
679 1034 920 77 56 75 47 83
1 2 3 5 3 3 4 1 4 3 0 3 2 3 2 1 4 4 0 0 4 0 3 0 0 1 0 0 3 3
1 2 5 0 2 5 4 3 1 5 4 0 5 0 5 1 4 5 5 5 3 3 5 2 5 4 3 0 0 1
1 2 5 2 2 3 5 5 1 3 1 5 3 2 1 4 4 0 0 5 3 3 1 5 3 5 2 2 5 5
1 1 1 1 1 1 1 1 0 0 0 0 0 0 0 0 0 0 0 0 0 0 0 0 0 0 0 0 0 0
0 0 0 0 0 0 0 0 1 1 1 1 1 0 0 0 0 0 0 0 0 0 0 0 0 0 0 0 0 0
0 0 0 0 0 0 0 0 0 0 0 0 0 1 1 1 1 1 0 0 0 0 0 0 0 0 0 0 0 0
0 0 0 0 0 0 0 0 0 0 0 0 0 0 0 0 0 0 1 1 1 1 1 1 0 0 0 0 0 0
0 0 0 0 0 0 0 0 0 0 0 0 0 0 0 0 0 0 0 0 0 0 0 0 1 1 1 1 1 1

